# Temperatura_=_-2.296875
# Concentracion g/m^3_=_10000.0
# C_Vs_to_Am_M_A/Vsm_=_254322799225.57578
# pendiente_HvsI_1/m_=_3716.3
# ordenada_HvsI_A/m_=_1297.0
# frecuencia_Hz_=_136563.33818001728
# Promedio de 672 ciclos

Tiempo_(s)	Campo_(V.s)	Magnetizacion_(V.s)	Campo_(kA/m)	Magnetizacion_(A/m)
0.000000e+00	-1.096508e-08	-2.943246e-09	-5.695067e+01	-7.485345e+02
1.000000e-08	-1.096514e-08	-2.943172e-09	-5.695099e+01	-7.485156e+02
2.000000e-08	-1.096452e-08	-2.942993e-09	-5.694778e+01	-7.484703e+02
3.000000e-08	-1.096289e-08	-2.942829e-09	-5.693930e+01	-7.484286e+02
4.000000e-08	-1.096019e-08	-2.942872e-09	-5.692528e+01	-7.484394e+02
5.000000e-08	-1.095669e-08	-2.943347e-09	-5.690713e+01	-7.485602e+02
6.000000e-08	-1.095263e-08	-2.943218e-09	-5.688603e+01	-7.485275e+02
7.000000e-08	-1.094794e-08	-2.942963e-09	-5.686168e+01	-7.484626e+02
8.000000e-08	-1.094251e-08	-2.945601e-09	-5.683348e+01	-7.491334e+02
9.000000e-08	-1.093623e-08	-2.948595e-09	-5.680087e+01	-7.498950e+02
1.000000e-07	-1.092889e-08	-2.936165e-09	-5.676274e+01	-7.467337e+02
1.100000e-07	-1.092012e-08	-2.916587e-09	-5.671719e+01	-7.417546e+02
1.200000e-07	-1.090979e-08	-2.922028e-09	-5.666354e+01	-7.431385e+02
1.300000e-07	-1.089857e-08	-2.955961e-09	-5.660523e+01	-7.517682e+02
1.400000e-07	-1.088719e-08	-2.972366e-09	-5.654617e+01	-7.559405e+02
1.500000e-07	-1.087545e-08	-2.928056e-09	-5.648514e+01	-7.446715e+02
1.600000e-07	-1.086263e-08	-2.897954e-09	-5.641861e+01	-7.370157e+02
1.700000e-07	-1.084892e-08	-2.957028e-09	-5.634737e+01	-7.520397e+02
1.800000e-07	-1.083476e-08	-2.975973e-09	-5.627382e+01	-7.568577e+02
1.900000e-07	-1.081957e-08	-2.900850e-09	-5.619492e+01	-7.377523e+02
2.000000e-07	-1.080296e-08	-2.901724e-09	-5.610866e+01	-7.379745e+02
2.100000e-07	-1.078567e-08	-2.966914e-09	-5.601889e+01	-7.545540e+02
2.200000e-07	-1.076805e-08	-2.935114e-09	-5.592734e+01	-7.464664e+02
2.300000e-07	-1.074959e-08	-2.888655e-09	-5.583148e+01	-7.346509e+02
2.400000e-07	-1.073027e-08	-2.947008e-09	-5.573113e+01	-7.494914e+02
2.500000e-07	-1.071044e-08	-2.960620e-09	-5.562813e+01	-7.529531e+02
2.600000e-07	-1.068993e-08	-2.888598e-09	-5.552161e+01	-7.346363e+02
2.700000e-07	-1.066856e-08	-2.911462e-09	-5.541059e+01	-7.404511e+02
2.800000e-07	-1.064652e-08	-2.961480e-09	-5.529616e+01	-7.531719e+02
2.900000e-07	-1.062378e-08	-2.901648e-09	-5.517802e+01	-7.379553e+02
3.000000e-07	-1.060019e-08	-2.888195e-09	-5.505554e+01	-7.345338e+02
3.100000e-07	-1.057603e-08	-2.955131e-09	-5.493002e+01	-7.515571e+02
3.200000e-07	-1.055116e-08	-2.927287e-09	-5.480088e+01	-7.444759e+02
3.300000e-07	-1.052514e-08	-2.883529e-09	-5.466571e+01	-7.333473e+02
3.400000e-07	-1.049805e-08	-2.946802e-09	-5.452501e+01	-7.494390e+02
3.500000e-07	-1.047030e-08	-2.956392e-09	-5.438088e+01	-7.518780e+02
3.600000e-07	-1.044195e-08	-2.893361e-09	-5.423363e+01	-7.358478e+02
3.700000e-07	-1.041293e-08	-2.927545e-09	-5.408293e+01	-7.445414e+02
3.800000e-07	-1.038322e-08	-2.952609e-09	-5.392860e+01	-7.509157e+02
3.900000e-07	-1.035272e-08	-2.889497e-09	-5.377020e+01	-7.348649e+02
4.000000e-07	-1.032150e-08	-2.905792e-09	-5.360803e+01	-7.390093e+02
4.100000e-07	-1.028965e-08	-2.940443e-09	-5.344262e+01	-7.478218e+02
4.200000e-07	-1.025707e-08	-2.890660e-09	-5.327341e+01	-7.351607e+02
4.300000e-07	-1.022359e-08	-2.897111e-09	-5.309955e+01	-7.368015e+02
4.400000e-07	-1.018916e-08	-2.933818e-09	-5.292070e+01	-7.461367e+02
4.500000e-07	-1.015385e-08	-2.893889e-09	-5.273731e+01	-7.359820e+02
4.600000e-07	-1.011789e-08	-2.881817e-09	-5.255053e+01	-7.329117e+02
4.700000e-07	-1.008134e-08	-2.910621e-09	-5.236069e+01	-7.402373e+02
4.800000e-07	-1.004409e-08	-2.890024e-09	-5.216724e+01	-7.349991e+02
4.900000e-07	-1.000611e-08	-2.879580e-09	-5.196999e+01	-7.323430e+02
5.000000e-07	-9.967440e-09	-2.900936e-09	-5.176913e+01	-7.377741e+02
5.100000e-07	-9.928113e-09	-2.886950e-09	-5.156487e+01	-7.342173e+02
5.200000e-07	-9.888197e-09	-2.869723e-09	-5.135756e+01	-7.298360e+02
5.300000e-07	-9.847626e-09	-2.880584e-09	-5.114683e+01	-7.325982e+02
5.400000e-07	-9.806144e-09	-2.875545e-09	-5.093139e+01	-7.313167e+02
5.500000e-07	-9.763611e-09	-2.862572e-09	-5.071048e+01	-7.280173e+02
5.600000e-07	-9.720187e-09	-2.868280e-09	-5.048494e+01	-7.294689e+02
5.700000e-07	-9.676079e-09	-2.868984e-09	-5.025585e+01	-7.296480e+02
5.800000e-07	-9.631346e-09	-2.858235e-09	-5.002352e+01	-7.269142e+02
5.900000e-07	-9.585975e-09	-2.853800e-09	-4.978787e+01	-7.257865e+02
6.000000e-07	-9.539951e-09	-2.852288e-09	-4.954883e+01	-7.254018e+02
6.100000e-07	-9.493281e-09	-2.846853e-09	-4.930643e+01	-7.240197e+02
6.200000e-07	-9.445981e-09	-2.840614e-09	-4.906076e+01	-7.224329e+02
6.300000e-07	-9.398006e-09	-2.837068e-09	-4.881159e+01	-7.215311e+02
6.400000e-07	-9.349242e-09	-2.837423e-09	-4.855832e+01	-7.216213e+02
6.500000e-07	-9.299560e-09	-2.834380e-09	-4.830028e+01	-7.208475e+02
6.600000e-07	-9.248894e-09	-2.826064e-09	-4.803714e+01	-7.187325e+02
6.700000e-07	-9.197329e-09	-2.820724e-09	-4.776932e+01	-7.173745e+02
6.800000e-07	-9.145000e-09	-2.816690e-09	-4.749753e+01	-7.163486e+02
6.900000e-07	-9.091953e-09	-2.809999e-09	-4.722202e+01	-7.146469e+02
7.000000e-07	-9.038199e-09	-2.807856e-09	-4.694283e+01	-7.141019e+02
7.100000e-07	-8.983797e-09	-2.806346e-09	-4.666027e+01	-7.137178e+02
7.200000e-07	-8.928812e-09	-2.797823e-09	-4.637469e+01	-7.115501e+02
7.300000e-07	-8.873309e-09	-2.790895e-09	-4.608642e+01	-7.097882e+02
7.400000e-07	-8.817297e-09	-2.789281e-09	-4.579550e+01	-7.093778e+02
7.500000e-07	-8.760663e-09	-2.783863e-09	-4.550135e+01	-7.079999e+02
7.600000e-07	-8.703298e-09	-2.777079e-09	-4.520341e+01	-7.062746e+02
7.700000e-07	-8.645186e-09	-2.774271e-09	-4.490159e+01	-7.055603e+02
7.800000e-07	-8.586333e-09	-2.770427e-09	-4.459592e+01	-7.045828e+02
7.900000e-07	-8.526769e-09	-2.764270e-09	-4.428655e+01	-7.030169e+02
8.000000e-07	-8.466584e-09	-2.759564e-09	-4.397396e+01	-7.018201e+02
8.100000e-07	-8.405835e-09	-2.753737e-09	-4.365844e+01	-7.003381e+02
8.200000e-07	-8.344479e-09	-2.745931e-09	-4.333977e+01	-6.983528e+02
8.300000e-07	-8.282507e-09	-2.740811e-09	-4.301790e+01	-6.970508e+02
8.400000e-07	-8.219971e-09	-2.738119e-09	-4.269309e+01	-6.963661e+02
8.500000e-07	-8.156896e-09	-2.733661e-09	-4.236549e+01	-6.952324e+02
8.600000e-07	-8.093281e-09	-2.727414e-09	-4.203509e+01	-6.936435e+02
8.700000e-07	-8.029140e-09	-2.720994e-09	-4.170196e+01	-6.920107e+02
8.800000e-07	-7.964454e-09	-2.714075e-09	-4.136599e+01	-6.902512e+02
8.900000e-07	-7.899148e-09	-2.707533e-09	-4.102680e+01	-6.885873e+02
9.000000e-07	-7.833214e-09	-2.702484e-09	-4.068435e+01	-6.873033e+02
9.100000e-07	-7.766667e-09	-2.697554e-09	-4.033872e+01	-6.860494e+02
9.200000e-07	-7.699507e-09	-2.691300e-09	-3.998990e+01	-6.844589e+02
9.300000e-07	-7.631779e-09	-2.684893e-09	-3.963813e+01	-6.828295e+02
9.400000e-07	-7.563514e-09	-2.678979e-09	-3.928358e+01	-6.813255e+02
9.500000e-07	-7.494704e-09	-2.672498e-09	-3.892619e+01	-6.796773e+02
9.600000e-07	-7.425353e-09	-2.664853e-09	-3.856599e+01	-6.777329e+02
9.700000e-07	-7.355499e-09	-2.657646e-09	-3.820319e+01	-6.759000e+02
9.800000e-07	-7.285149e-09	-2.651135e-09	-3.783780e+01	-6.742441e+02
9.900000e-07	-7.214294e-09	-2.645111e-09	-3.746979e+01	-6.727119e+02
1.000000e-06	-7.142959e-09	-2.639536e-09	-3.709929e+01	-6.712943e+02
1.010000e-06	-7.071150e-09	-2.632760e-09	-3.672632e+01	-6.695708e+02
1.020000e-06	-6.998830e-09	-2.624618e-09	-3.635071e+01	-6.675002e+02
1.030000e-06	-6.926002e-09	-2.617203e-09	-3.597246e+01	-6.656143e+02
1.040000e-06	-6.852635e-09	-2.610276e-09	-3.559140e+01	-6.638526e+02
1.050000e-06	-6.778627e-09	-2.602891e-09	-3.520702e+01	-6.619746e+02
1.060000e-06	-6.703958e-09	-2.595704e-09	-3.481921e+01	-6.601467e+02
1.070000e-06	-6.628677e-09	-2.588561e-09	-3.442821e+01	-6.583300e+02
1.080000e-06	-6.552816e-09	-2.580674e-09	-3.403420e+01	-6.563243e+02
1.090000e-06	-6.476412e-09	-2.572969e-09	-3.363737e+01	-6.543646e+02
1.100000e-06	-6.399480e-09	-2.565564e-09	-3.323780e+01	-6.524815e+02
1.110000e-06	-6.322006e-09	-2.557058e-09	-3.283542e+01	-6.503181e+02
1.120000e-06	-6.243999e-09	-2.548281e-09	-3.243027e+01	-6.480860e+02
1.130000e-06	-6.165475e-09	-2.540651e-09	-3.202243e+01	-6.461454e+02
1.140000e-06	-6.086452e-09	-2.532915e-09	-3.161200e+01	-6.441781e+02
1.150000e-06	-6.006980e-09	-2.524495e-09	-3.119924e+01	-6.420368e+02
1.160000e-06	-5.927093e-09	-2.516423e-09	-3.078432e+01	-6.399837e+02
1.170000e-06	-5.846771e-09	-2.508305e-09	-3.036714e+01	-6.379191e+02
1.180000e-06	-5.765973e-09	-2.499786e-09	-2.994749e+01	-6.357527e+02
1.190000e-06	-5.684687e-09	-2.491146e-09	-2.952531e+01	-6.335553e+02
1.200000e-06	-5.602955e-09	-2.482441e-09	-2.910080e+01	-6.313412e+02
1.210000e-06	-5.520842e-09	-2.473084e-09	-2.867432e+01	-6.289617e+02
1.220000e-06	-5.438400e-09	-2.463815e-09	-2.824613e+01	-6.266044e+02
1.230000e-06	-5.355635e-09	-2.454812e-09	-2.781627e+01	-6.243146e+02
1.240000e-06	-5.272542e-09	-2.445220e-09	-2.738470e+01	-6.218751e+02
1.250000e-06	-5.189123e-09	-2.436120e-09	-2.695143e+01	-6.195610e+02
1.260000e-06	-5.105385e-09	-2.427768e-09	-2.651651e+01	-6.174367e+02
1.270000e-06	-5.021347e-09	-2.419240e-09	-2.608003e+01	-6.152679e+02
1.280000e-06	-4.937026e-09	-2.410109e-09	-2.564208e+01	-6.129455e+02
1.290000e-06	-4.852423e-09	-2.400445e-09	-2.520266e+01	-6.104878e+02
1.300000e-06	-4.767540e-09	-2.390062e-09	-2.476180e+01	-6.078473e+02
1.310000e-06	-4.682377e-09	-2.379030e-09	-2.431947e+01	-6.050415e+02
1.320000e-06	-4.596924e-09	-2.368340e-09	-2.387565e+01	-6.023228e+02
1.330000e-06	-4.511154e-09	-2.358133e-09	-2.343017e+01	-5.997269e+02
1.340000e-06	-4.425041e-09	-2.348690e-09	-2.298292e+01	-5.973255e+02
1.350000e-06	-4.338598e-09	-2.340062e-09	-2.253395e+01	-5.951312e+02
1.360000e-06	-4.251858e-09	-2.331058e-09	-2.208343e+01	-5.928412e+02
1.370000e-06	-4.164839e-09	-2.320914e-09	-2.163147e+01	-5.902612e+02
1.380000e-06	-4.077553e-09	-2.309928e-09	-2.117812e+01	-5.874673e+02
1.390000e-06	-3.989993e-09	-2.298170e-09	-2.072335e+01	-5.844770e+02
1.400000e-06	-3.902145e-09	-2.285735e-09	-2.026708e+01	-5.813145e+02
1.410000e-06	-3.814009e-09	-2.273843e-09	-1.980932e+01	-5.782900e+02
1.420000e-06	-3.725598e-09	-2.263589e-09	-1.935013e+01	-5.756823e+02
1.430000e-06	-3.636915e-09	-2.253804e-09	-1.888953e+01	-5.731937e+02
1.440000e-06	-3.547961e-09	-2.243234e-09	-1.842752e+01	-5.705056e+02
1.450000e-06	-3.458748e-09	-2.232498e-09	-1.796416e+01	-5.677752e+02
1.460000e-06	-3.369287e-09	-2.221421e-09	-1.749952e+01	-5.649580e+02
1.470000e-06	-3.279571e-09	-2.209269e-09	-1.703355e+01	-5.618675e+02
1.480000e-06	-3.189588e-09	-2.196909e-09	-1.656620e+01	-5.587241e+02
1.490000e-06	-3.099327e-09	-2.184978e-09	-1.609740e+01	-5.556897e+02
1.500000e-06	-3.008788e-09	-2.173142e-09	-1.562716e+01	-5.526796e+02
1.510000e-06	-2.917993e-09	-2.161407e-09	-1.515559e+01	-5.496952e+02
1.520000e-06	-2.826970e-09	-2.149819e-09	-1.468283e+01	-5.467479e+02
1.530000e-06	-2.735736e-09	-2.138304e-09	-1.420898e+01	-5.438195e+02
1.540000e-06	-2.644308e-09	-2.126495e-09	-1.373412e+01	-5.408161e+02
1.550000e-06	-2.552690e-09	-2.114208e-09	-1.325827e+01	-5.376912e+02
1.560000e-06	-2.460885e-09	-2.101507e-09	-1.278145e+01	-5.344610e+02
1.570000e-06	-2.368903e-09	-2.088555e-09	-1.230371e+01	-5.311672e+02
1.580000e-06	-2.276751e-09	-2.075435e-09	-1.182509e+01	-5.278306e+02
1.590000e-06	-2.184423e-09	-2.062037e-09	-1.134555e+01	-5.244231e+02
1.600000e-06	-2.091927e-09	-2.048604e-09	-1.086514e+01	-5.210066e+02
1.610000e-06	-1.999272e-09	-2.035491e-09	-1.038391e+01	-5.176718e+02
1.620000e-06	-1.906464e-09	-2.022566e-09	-9.901877e+00	-5.143847e+02
1.630000e-06	-1.813508e-09	-2.009646e-09	-9.419083e+00	-5.110988e+02
1.640000e-06	-1.720420e-09	-1.996444e-09	-8.935598e+00	-5.077411e+02
1.650000e-06	-1.627223e-09	-1.982765e-09	-8.451550e+00	-5.042624e+02
1.660000e-06	-1.533945e-09	-1.968522e-09	-7.967079e+00	-5.006401e+02
1.670000e-06	-1.440602e-09	-1.954126e-09	-7.482270e+00	-4.969788e+02
1.680000e-06	-1.347200e-09	-1.939952e-09	-6.997156e+00	-4.933741e+02
1.690000e-06	-1.253739e-09	-1.925395e-09	-6.511740e+00	-4.896717e+02
1.700000e-06	-1.160216e-09	-1.910509e-09	-6.025995e+00	-4.858861e+02
1.710000e-06	-1.066627e-09	-1.895815e-09	-5.539910e+00	-4.821490e+02
1.720000e-06	-9.729708e-10	-1.881226e-09	-5.053478e+00	-4.784386e+02
1.730000e-06	-8.792433e-10	-1.866494e-09	-4.566674e+00	-4.746920e+02
1.740000e-06	-7.854398e-10	-1.851332e-09	-4.079475e+00	-4.708359e+02
1.750000e-06	-6.915619e-10	-1.835477e-09	-3.591890e+00	-4.668038e+02
1.760000e-06	-5.976170e-10	-1.819250e-09	-3.103957e+00	-4.626767e+02
1.770000e-06	-5.036161e-10	-1.802900e-09	-2.615733e+00	-4.585187e+02
1.780000e-06	-4.095736e-10	-1.786265e-09	-2.127292e+00	-4.542879e+02
1.790000e-06	-3.155085e-10	-1.769367e-09	-1.638734e+00	-4.499905e+02
1.800000e-06	-2.214473e-10	-1.752216e-09	-1.150197e+00	-4.456286e+02
1.810000e-06	-1.274107e-10	-1.734751e-09	-6.617870e-01	-4.411866e+02
1.820000e-06	-3.340452e-11	-1.716953e-09	-1.735355e-01	-4.366602e+02
1.830000e-06	6.057424e-11	-1.699227e-09	3.145738e-01	-4.321522e+02
1.840000e-06	1.545373e-10	-1.681720e-09	8.026014e-01	-4.276997e+02
1.850000e-06	2.484899e-10	-1.663677e-09	1.290575e+00	-4.231109e+02
1.860000e-06	3.424347e-10	-1.644797e-09	1.778508e+00	-4.183094e+02
1.870000e-06	4.363779e-10	-1.625126e-09	2.266433e+00	-4.133065e+02
1.880000e-06	5.303142e-10	-1.604607e-09	2.754321e+00	-4.080881e+02
1.890000e-06	6.242318e-10	-1.583735e-09	3.242113e+00	-4.027799e+02
1.900000e-06	7.181197e-10	-1.563050e-09	3.729750e+00	-3.975192e+02
1.910000e-06	8.119675e-10	-1.542188e-09	4.217180e+00	-3.922135e+02
1.920000e-06	9.057628e-10	-1.520909e-09	4.704336e+00	-3.868018e+02
1.930000e-06	9.994871e-10	-1.499094e-09	5.191124e+00	-3.812537e+02
1.940000e-06	1.093125e-09	-1.476315e-09	5.677463e+00	-3.754607e+02
1.950000e-06	1.186665e-09	-1.452401e-09	6.163291e+00	-3.693788e+02
1.960000e-06	1.280097e-09	-1.427500e-09	6.648565e+00	-3.630459e+02
1.970000e-06	1.373424e-09	-1.401807e-09	7.133289e+00	-3.565115e+02
1.980000e-06	1.466656e-09	-1.375356e-09	7.617520e+00	-3.497844e+02
1.990000e-06	1.559810e-09	-1.348747e-09	8.101346e+00	-3.430170e+02
2.000000e-06	1.652889e-09	-1.321837e-09	8.584779e+00	-3.361733e+02
2.010000e-06	1.745887e-09	-1.293738e-09	9.067795e+00	-3.290271e+02
2.020000e-06	1.838800e-09	-1.264213e-09	9.550374e+00	-3.215181e+02
2.030000e-06	1.931616e-09	-1.233127e-09	1.003244e+01	-3.136124e+02
2.040000e-06	2.024318e-09	-1.200487e-09	1.051392e+01	-3.053111e+02
2.050000e-06	2.116893e-09	-1.166385e-09	1.099474e+01	-2.966382e+02
2.060000e-06	2.209324e-09	-1.130317e-09	1.147481e+01	-2.874653e+02
2.070000e-06	2.301590e-09	-1.092060e-09	1.195403e+01	-2.777358e+02
2.080000e-06	2.393670e-09	-1.052234e-09	1.243228e+01	-2.676070e+02
2.090000e-06	2.485534e-09	-1.010734e-09	1.290941e+01	-2.570527e+02
2.100000e-06	2.577163e-09	-9.668382e-10	1.338531e+01	-2.458890e+02
2.110000e-06	2.668555e-09	-9.198627e-10	1.385998e+01	-2.339421e+02
2.120000e-06	2.759711e-09	-8.691571e-10	1.433343e+01	-2.210465e+02
2.130000e-06	2.850642e-09	-8.144000e-10	1.480571e+01	-2.071205e+02
2.140000e-06	2.941359e-09	-7.551157e-10	1.527688e+01	-1.920431e+02
2.150000e-06	3.031869e-09	-6.909708e-10	1.574697e+01	-1.757296e+02
2.160000e-06	3.122172e-09	-6.211458e-10	1.621599e+01	-1.579715e+02
2.170000e-06	3.212259e-09	-5.448671e-10	1.668388e+01	-1.385721e+02
2.180000e-06	3.302119e-09	-4.620821e-10	1.715059e+01	-1.175180e+02
2.190000e-06	3.391741e-09	-3.724824e-10	1.761607e+01	-9.473078e+01
2.200000e-06	3.481110e-09	-2.758345e-10	1.808024e+01	-7.015100e+01
2.210000e-06	3.570207e-09	-1.723003e-10	1.854299e+01	-4.381990e+01
2.220000e-06	3.658998e-09	-6.273408e-11	1.900416e+01	-1.595471e+01
2.230000e-06	3.747463e-09	5.167944e-11	1.946363e+01	1.314326e+01
2.240000e-06	3.835599e-09	1.696028e-10	1.992139e+01	4.313387e+01
2.250000e-06	3.923404e-09	2.892211e-10	2.037743e+01	7.355552e+01
2.260000e-06	4.010895e-09	4.084562e-10	2.083185e+01	1.038797e+02
2.270000e-06	4.098103e-09	5.259977e-10	2.128479e+01	1.337732e+02
2.280000e-06	4.185053e-09	6.411427e-10	2.173640e+01	1.630572e+02
2.290000e-06	4.271755e-09	7.527863e-10	2.218671e+01	1.914507e+02
2.300000e-06	4.358202e-09	8.599062e-10	2.263570e+01	2.186937e+02
2.310000e-06	4.444378e-09	9.621707e-10	2.308329e+01	2.447019e+02
2.320000e-06	4.530259e-09	1.059632e-09	2.352934e+01	2.694886e+02
2.330000e-06	4.615823e-09	1.151739e-09	2.397374e+01	2.929135e+02
2.340000e-06	4.701068e-09	1.237997e-09	2.441649e+01	3.148510e+02
2.350000e-06	4.786006e-09	1.318796e-09	2.485765e+01	3.354000e+02
2.360000e-06	4.870644e-09	1.394628e-09	2.529724e+01	3.546857e+02
2.370000e-06	4.954970e-09	1.465814e-09	2.573522e+01	3.727899e+02
2.380000e-06	5.038962e-09	1.532731e-09	2.617146e+01	3.898084e+02
2.390000e-06	5.122608e-09	1.595755e-09	2.660590e+01	4.058369e+02
2.400000e-06	5.205909e-09	1.655253e-09	2.703856e+01	4.209687e+02
2.410000e-06	5.288879e-09	1.711184e-09	2.746949e+01	4.351932e+02
2.420000e-06	5.371530e-09	1.763811e-09	2.789876e+01	4.485774e+02
2.430000e-06	5.453866e-09	1.813430e-09	2.832640e+01	4.611967e+02
2.440000e-06	5.535869e-09	1.859757e-09	2.875231e+01	4.729787e+02
2.450000e-06	5.617493e-09	1.902931e-09	2.917626e+01	4.839587e+02
2.460000e-06	5.698685e-09	1.943649e-09	2.959795e+01	4.943143e+02
2.470000e-06	5.779394e-09	1.982364e-09	3.001714e+01	5.041604e+02
2.480000e-06	5.859606e-09	2.019359e-09	3.043375e+01	5.135690e+02
2.490000e-06	5.939340e-09	2.054505e-09	3.084787e+01	5.225076e+02
2.500000e-06	6.018612e-09	2.087337e-09	3.125959e+01	5.308574e+02
2.510000e-06	6.097423e-09	2.118014e-09	3.166893e+01	5.386592e+02
2.520000e-06	6.175755e-09	2.147079e-09	3.207577e+01	5.460511e+02
2.530000e-06	6.253587e-09	2.174781e-09	3.248001e+01	5.530963e+02
2.540000e-06	6.330937e-09	2.201034e-09	3.288175e+01	5.597731e+02
2.550000e-06	6.407846e-09	2.225805e-09	3.328121e+01	5.660730e+02
2.560000e-06	6.484330e-09	2.248911e-09	3.367845e+01	5.719494e+02
2.570000e-06	6.560347e-09	2.270874e-09	3.407327e+01	5.775349e+02
2.580000e-06	6.635823e-09	2.292388e-09	3.446528e+01	5.830065e+02
2.590000e-06	6.710697e-09	2.312938e-09	3.485416e+01	5.882328e+02
2.600000e-06	6.784954e-09	2.331997e-09	3.523984e+01	5.930800e+02
2.610000e-06	6.858613e-09	2.350265e-09	3.562240e+01	5.977260e+02
2.620000e-06	6.931681e-09	2.368204e-09	3.600190e+01	6.022884e+02
2.630000e-06	7.004151e-09	2.385015e-09	3.637830e+01	6.065636e+02
2.640000e-06	7.076032e-09	2.400630e-09	3.675164e+01	6.105348e+02
2.650000e-06	7.147375e-09	2.415623e-09	3.712218e+01	6.143480e+02
2.660000e-06	7.218238e-09	2.429871e-09	3.749023e+01	6.179715e+02
2.670000e-06	7.288639e-09	2.443711e-09	3.785589e+01	6.214915e+02
2.680000e-06	7.358547e-09	2.457814e-09	3.821897e+01	6.250781e+02
2.690000e-06	7.427939e-09	2.471739e-09	3.857938e+01	6.286196e+02
2.700000e-06	7.496845e-09	2.484637e-09	3.893727e+01	6.318999e+02
2.710000e-06	7.565298e-09	2.496588e-09	3.929281e+01	6.349393e+02
2.720000e-06	7.633276e-09	2.508016e-09	3.964587e+01	6.378455e+02
2.730000e-06	7.700710e-09	2.519210e-09	3.999611e+01	6.406925e+02
2.740000e-06	7.767528e-09	2.530510e-09	4.034315e+01	6.435663e+02
2.750000e-06	7.833686e-09	2.541730e-09	4.068677e+01	6.464199e+02
2.760000e-06	7.899166e-09	2.552508e-09	4.102685e+01	6.491610e+02
2.770000e-06	7.963977e-09	2.562948e-09	4.136347e+01	6.518162e+02
2.780000e-06	8.028160e-09	2.573242e-09	4.169682e+01	6.544341e+02
2.790000e-06	8.091768e-09	2.583173e-09	4.202720e+01	6.569598e+02
2.800000e-06	8.154860e-09	2.592476e-09	4.235488e+01	6.593256e+02
2.810000e-06	8.217467e-09	2.601381e-09	4.268006e+01	6.615905e+02
2.820000e-06	8.279564e-09	2.610608e-09	4.300258e+01	6.639371e+02
2.830000e-06	8.341116e-09	2.620206e-09	4.332227e+01	6.663781e+02
2.840000e-06	8.402141e-09	2.629414e-09	4.363922e+01	6.687199e+02
2.850000e-06	8.462672e-09	2.637874e-09	4.395361e+01	6.708715e+02
2.860000e-06	8.522700e-09	2.645700e-09	4.426539e+01	6.728618e+02
2.870000e-06	8.582147e-09	2.653443e-09	4.457415e+01	6.748311e+02
2.880000e-06	8.640900e-09	2.661405e-09	4.487929e+01	6.768560e+02
2.890000e-06	8.698866e-09	2.669292e-09	4.518036e+01	6.788619e+02
2.900000e-06	8.756018e-09	2.677034e-09	4.547719e+01	6.808309e+02
2.910000e-06	8.812419e-09	2.684849e-09	4.577013e+01	6.828184e+02
2.920000e-06	8.868167e-09	2.692279e-09	4.605968e+01	6.847079e+02
2.930000e-06	8.923339e-09	2.699568e-09	4.634623e+01	6.865618e+02
2.940000e-06	8.977955e-09	2.707034e-09	4.662990e+01	6.884604e+02
2.950000e-06	9.031987e-09	2.713810e-09	4.691053e+01	6.901836e+02
2.960000e-06	9.085400e-09	2.720109e-09	4.718795e+01	6.917859e+02
2.970000e-06	9.138168e-09	2.726471e-09	4.746202e+01	6.934037e+02
2.980000e-06	9.190245e-09	2.732598e-09	4.773250e+01	6.949619e+02
2.990000e-06	9.241528e-09	2.738546e-09	4.799885e+01	6.964747e+02
3.000000e-06	9.291910e-09	2.744954e-09	4.826052e+01	6.981045e+02
3.010000e-06	9.341358e-09	2.751502e-09	4.851734e+01	6.997697e+02
3.020000e-06	9.389939e-09	2.757810e-09	4.876966e+01	7.013740e+02
3.030000e-06	9.437772e-09	2.763919e-09	4.901810e+01	7.029277e+02
3.040000e-06	9.484945e-09	2.769155e-09	4.926311e+01	7.042591e+02
3.050000e-06	9.531470e-09	2.773615e-09	4.950475e+01	7.053936e+02
3.060000e-06	9.577320e-09	2.778373e-09	4.974289e+01	7.066036e+02
3.070000e-06	9.622498e-09	2.783811e-09	4.997754e+01	7.079867e+02
3.080000e-06	9.667066e-09	2.789455e-09	5.020901e+01	7.094219e+02
3.090000e-06	9.711107e-09	2.795242e-09	5.043776e+01	7.108937e+02
3.100000e-06	9.754625e-09	2.800851e-09	5.066378e+01	7.123203e+02
3.110000e-06	9.797469e-09	2.805764e-09	5.088631e+01	7.135698e+02
3.120000e-06	9.839427e-09	2.810403e-09	5.110423e+01	7.147496e+02
3.130000e-06	9.880434e-09	2.814970e-09	5.131721e+01	7.159111e+02
3.140000e-06	9.920618e-09	2.819010e-09	5.152592e+01	7.169385e+02
3.150000e-06	9.960133e-09	2.822836e-09	5.173115e+01	7.179116e+02
3.160000e-06	9.999010e-09	2.827405e-09	5.193308e+01	7.190735e+02
3.170000e-06	1.003720e-08	2.832585e-09	5.213141e+01	7.203911e+02
3.180000e-06	1.007465e-08	2.837218e-09	5.232594e+01	7.215692e+02
3.190000e-06	1.011139e-08	2.840927e-09	5.251677e+01	7.225124e+02
3.200000e-06	1.014752e-08	2.844624e-09	5.270443e+01	7.234528e+02
3.210000e-06	1.018311e-08	2.848466e-09	5.288926e+01	7.244298e+02
3.220000e-06	1.021802e-08	2.852221e-09	5.307060e+01	7.253848e+02
3.230000e-06	1.025204e-08	2.856267e-09	5.324728e+01	7.264137e+02
3.240000e-06	1.028508e-08	2.860113e-09	5.341888e+01	7.273920e+02
3.250000e-06	1.031729e-08	2.863228e-09	5.358615e+01	7.281842e+02
3.260000e-06	1.034882e-08	2.866192e-09	5.374994e+01	7.289379e+02
3.270000e-06	1.037970e-08	2.869486e-09	5.391030e+01	7.297757e+02
3.280000e-06	1.040986e-08	2.873097e-09	5.406694e+01	7.306941e+02
3.290000e-06	1.043927e-08	2.876838e-09	5.421973e+01	7.316456e+02
3.300000e-06	1.046796e-08	2.880137e-09	5.436873e+01	7.324845e+02
3.310000e-06	1.049603e-08	2.882715e-09	5.451451e+01	7.331400e+02
3.320000e-06	1.052354e-08	2.885462e-09	5.465739e+01	7.338387e+02
3.330000e-06	1.055029e-08	2.888708e-09	5.479635e+01	7.346642e+02
3.340000e-06	1.057601e-08	2.891555e-09	5.492992e+01	7.353883e+02
3.350000e-06	1.060070e-08	2.894141e-09	5.505814e+01	7.360461e+02
3.360000e-06	1.062459e-08	2.897036e-09	5.518223e+01	7.367823e+02
3.370000e-06	1.064780e-08	2.899876e-09	5.530276e+01	7.375046e+02
3.380000e-06	1.067029e-08	2.902405e-09	5.541957e+01	7.381478e+02
3.390000e-06	1.069205e-08	2.904494e-09	5.553260e+01	7.386791e+02
3.400000e-06	1.071307e-08	2.905813e-09	5.564177e+01	7.390144e+02
3.410000e-06	1.073340e-08	2.907253e-09	5.574735e+01	7.393806e+02
3.420000e-06	1.075315e-08	2.909633e-09	5.584997e+01	7.399861e+02
3.430000e-06	1.077229e-08	2.912395e-09	5.594934e+01	7.406884e+02
3.440000e-06	1.079061e-08	2.914708e-09	5.604451e+01	7.412766e+02
3.450000e-06	1.080809e-08	2.916492e-09	5.613528e+01	7.417305e+02
3.460000e-06	1.082482e-08	2.917903e-09	5.622217e+01	7.420891e+02
3.470000e-06	1.084076e-08	2.918991e-09	5.630501e+01	7.423659e+02
3.480000e-06	1.085579e-08	2.920287e-09	5.638303e+01	7.426955e+02
3.490000e-06	1.086991e-08	2.921480e-09	5.645640e+01	7.429990e+02
3.500000e-06	1.088323e-08	2.922155e-09	5.652558e+01	7.431705e+02
3.510000e-06	1.089577e-08	2.923236e-09	5.659067e+01	7.434455e+02
3.520000e-06	1.090754e-08	2.924786e-09	5.665182e+01	7.438397e+02
3.530000e-06	1.091843e-08	2.925774e-09	5.670838e+01	7.440911e+02
3.540000e-06	1.092818e-08	2.926469e-09	5.675905e+01	7.442678e+02
3.550000e-06	1.093685e-08	2.927321e-09	5.680405e+01	7.444844e+02
3.560000e-06	1.094473e-08	2.928277e-09	5.684497e+01	7.447275e+02
3.570000e-06	1.095194e-08	2.929121e-09	5.688242e+01	7.449424e+02
3.580000e-06	1.095840e-08	2.929649e-09	5.691599e+01	7.450765e+02
3.590000e-06	1.096407e-08	2.929851e-09	5.694544e+01	7.451280e+02
3.600000e-06	1.096895e-08	2.929758e-09	5.697080e+01	7.451042e+02
3.610000e-06	1.097316e-08	2.929749e-09	5.699264e+01	7.451019e+02
3.620000e-06	1.097681e-08	2.929817e-09	5.701162e+01	7.451192e+02
3.630000e-06	1.097976e-08	2.929940e-09	5.702690e+01	7.451506e+02
3.640000e-06	1.098167e-08	2.930700e-09	5.703682e+01	7.453439e+02
3.650000e-06	1.098250e-08	2.931092e-09	5.704116e+01	7.454434e+02
3.660000e-06	1.098253e-08	2.930420e-09	5.704132e+01	7.452726e+02
3.670000e-06	1.098192e-08	2.929726e-09	5.703814e+01	7.450960e+02
3.680000e-06	1.098060e-08	2.929198e-09	5.703129e+01	7.449618e+02
3.690000e-06	1.097857e-08	2.929267e-09	5.702073e+01	7.449794e+02
3.700000e-06	1.097583e-08	2.929701e-09	5.700652e+01	7.450898e+02
3.710000e-06	1.097240e-08	2.929383e-09	5.698870e+01	7.450088e+02
3.720000e-06	1.096841e-08	2.929069e-09	5.696799e+01	7.449290e+02
3.730000e-06	1.096392e-08	2.928275e-09	5.694467e+01	7.447271e+02
3.740000e-06	1.095871e-08	2.921384e-09	5.691758e+01	7.429745e+02
3.750000e-06	1.095246e-08	2.922883e-09	5.688516e+01	7.433558e+02
3.760000e-06	1.094504e-08	2.949497e-09	5.684662e+01	7.501244e+02
3.770000e-06	1.093634e-08	2.960628e-09	5.680139e+01	7.529553e+02
3.780000e-06	1.092628e-08	2.917081e-09	5.674918e+01	7.418801e+02
3.790000e-06	1.091535e-08	2.874660e-09	5.669237e+01	7.310915e+02
3.800000e-06	1.090425e-08	2.909912e-09	5.663473e+01	7.400569e+02
3.810000e-06	1.089293e-08	2.963994e-09	5.657595e+01	7.538113e+02
3.820000e-06	1.088058e-08	2.919641e-09	5.651179e+01	7.425314e+02
3.830000e-06	1.086689e-08	2.873427e-09	5.644072e+01	7.307779e+02
3.840000e-06	1.085239e-08	2.943353e-09	5.636538e+01	7.485618e+02
3.850000e-06	1.083725e-08	2.982940e-09	5.628679e+01	7.586297e+02
3.860000e-06	1.082121e-08	2.909792e-09	5.620347e+01	7.400264e+02
3.870000e-06	1.080434e-08	2.891561e-09	5.611586e+01	7.353898e+02
3.880000e-06	1.078693e-08	2.966367e-09	5.602543e+01	7.544147e+02
3.890000e-06	1.076883e-08	2.951634e-09	5.593141e+01	7.506679e+02
3.900000e-06	1.074984e-08	2.892100e-09	5.583278e+01	7.355270e+02
3.910000e-06	1.073015e-08	2.945666e-09	5.573050e+01	7.491501e+02
3.920000e-06	1.070984e-08	2.983703e-09	5.562504e+01	7.588237e+02
3.930000e-06	1.068859e-08	2.912275e-09	5.551463e+01	7.406578e+02
3.940000e-06	1.066617e-08	2.904153e-09	5.539823e+01	7.385924e+02
3.950000e-06	1.064284e-08	2.971166e-09	5.527702e+01	7.556351e+02
3.960000e-06	1.061881e-08	2.933259e-09	5.515225e+01	7.459947e+02
3.970000e-06	1.059416e-08	2.889105e-09	5.502421e+01	7.347653e+02
3.980000e-06	1.056883e-08	2.956294e-09	5.489267e+01	7.518530e+02
3.990000e-06	1.054275e-08	2.958515e-09	5.475718e+01	7.524177e+02
4.000000e-06	1.051589e-08	2.896800e-09	5.461766e+01	7.367222e+02
4.010000e-06	1.048834e-08	2.942724e-09	5.447457e+01	7.484017e+02
4.020000e-06	1.046022e-08	2.974594e-09	5.432852e+01	7.565070e+02
4.030000e-06	1.043150e-08	2.913341e-09	5.417936e+01	7.409291e+02
4.040000e-06	1.040190e-08	2.938372e-09	5.402562e+01	7.472949e+02
4.050000e-06	1.037118e-08	2.978348e-09	5.386607e+01	7.574617e+02
4.060000e-06	1.033951e-08	2.918807e-09	5.370160e+01	7.423192e+02
4.070000e-06	1.030710e-08	2.931176e-09	5.353327e+01	7.454648e+02
4.080000e-06	1.027390e-08	2.967574e-09	5.336084e+01	7.547218e+02
4.090000e-06	1.023995e-08	2.913974e-09	5.318452e+01	7.410900e+02
4.100000e-06	1.020539e-08	2.923813e-09	5.300502e+01	7.435922e+02
4.110000e-06	1.017023e-08	2.958073e-09	5.282237e+01	7.523055e+02
4.120000e-06	1.013445e-08	2.914023e-09	5.263653e+01	7.411024e+02
4.130000e-06	1.009809e-08	2.918537e-09	5.244769e+01	7.422504e+02
4.140000e-06	1.006098e-08	2.946565e-09	5.225498e+01	7.493788e+02
4.150000e-06	1.002289e-08	2.907036e-09	5.205712e+01	7.393254e+02
4.160000e-06	9.983826e-09	2.901339e-09	5.185424e+01	7.378766e+02
4.170000e-06	9.944005e-09	2.927475e-09	5.164741e+01	7.445237e+02
4.180000e-06	9.903532e-09	2.908330e-09	5.143720e+01	7.396545e+02
4.190000e-06	9.862390e-09	2.899720e-09	5.122352e+01	7.374649e+02
4.200000e-06	9.820536e-09	2.912223e-09	5.100614e+01	7.406446e+02
4.210000e-06	9.777953e-09	2.898695e-09	5.078497e+01	7.372041e+02
4.220000e-06	9.734676e-09	2.885764e-09	5.056019e+01	7.339155e+02
4.230000e-06	9.690788e-09	2.888132e-09	5.033225e+01	7.345179e+02
4.240000e-06	9.646362e-09	2.886005e-09	5.010150e+01	7.339769e+02
4.250000e-06	9.601362e-09	2.881010e-09	4.986778e+01	7.327064e+02
4.260000e-06	9.555697e-09	2.877027e-09	4.963061e+01	7.316935e+02
4.270000e-06	9.509345e-09	2.872813e-09	4.938986e+01	7.306219e+02
4.280000e-06	9.462313e-09	2.870450e-09	4.914559e+01	7.300209e+02
4.290000e-06	9.414577e-09	2.864649e-09	4.889765e+01	7.285455e+02
4.300000e-06	9.366118e-09	2.855551e-09	4.864597e+01	7.262318e+02
4.310000e-06	9.316907e-09	2.852758e-09	4.839038e+01	7.255213e+02
4.320000e-06	9.266906e-09	2.852012e-09	4.813068e+01	7.253316e+02
4.330000e-06	9.216146e-09	2.846001e-09	4.786704e+01	7.238029e+02
4.340000e-06	9.164653e-09	2.842671e-09	4.759960e+01	7.229561e+02
4.350000e-06	9.112373e-09	2.838582e-09	4.732806e+01	7.219161e+02
4.360000e-06	9.059236e-09	2.826705e-09	4.705208e+01	7.188955e+02
4.370000e-06	9.005221e-09	2.821638e-09	4.677154e+01	7.176068e+02
4.380000e-06	8.950375e-09	2.822772e-09	4.648668e+01	7.178953e+02
4.390000e-06	8.894811e-09	2.816052e-09	4.619809e+01	7.161862e+02
4.400000e-06	8.838639e-09	2.810021e-09	4.590634e+01	7.146523e+02
4.410000e-06	8.781924e-09	2.808201e-09	4.561178e+01	7.141897e+02
4.420000e-06	8.724660e-09	2.800337e-09	4.531435e+01	7.121896e+02
4.430000e-06	8.666783e-09	2.792008e-09	4.501375e+01	7.100714e+02
4.440000e-06	8.608267e-09	2.788596e-09	4.470983e+01	7.092034e+02
4.450000e-06	8.549158e-09	2.783492e-09	4.440283e+01	7.079054e+02
4.460000e-06	8.489486e-09	2.776298e-09	4.409290e+01	7.060760e+02
4.470000e-06	8.429218e-09	2.772970e-09	4.377988e+01	7.052295e+02
4.480000e-06	8.368289e-09	2.769938e-09	4.346343e+01	7.044585e+02
4.490000e-06	8.306642e-09	2.761997e-09	4.314324e+01	7.024389e+02
4.500000e-06	8.244257e-09	2.753201e-09	4.281923e+01	7.002019e+02
4.510000e-06	8.181168e-09	2.747066e-09	4.249156e+01	6.986414e+02
4.520000e-06	8.117448e-09	2.741671e-09	4.216061e+01	6.972694e+02
4.530000e-06	8.053160e-09	2.736758e-09	4.182670e+01	6.960199e+02
4.540000e-06	7.988361e-09	2.732717e-09	4.149015e+01	6.949923e+02
4.550000e-06	7.923082e-09	2.727423e-09	4.115110e+01	6.936459e+02
4.560000e-06	7.857285e-09	2.719543e-09	4.080936e+01	6.916418e+02
4.570000e-06	7.790926e-09	2.711942e-09	4.046470e+01	6.897087e+02
4.580000e-06	7.724028e-09	2.706295e-09	4.011725e+01	6.882724e+02
4.590000e-06	7.656645e-09	2.700371e-09	3.976727e+01	6.867660e+02
4.600000e-06	7.588750e-09	2.693704e-09	3.941463e+01	6.850703e+02
4.610000e-06	7.520252e-09	2.687164e-09	3.905887e+01	6.834072e+02
4.620000e-06	7.451132e-09	2.680270e-09	3.869987e+01	6.816537e+02
4.630000e-06	7.381429e-09	2.673116e-09	3.833785e+01	6.798342e+02
4.640000e-06	7.311129e-09	2.665677e-09	3.797273e+01	6.779425e+02
4.650000e-06	7.240197e-09	2.657406e-09	3.760432e+01	6.758390e+02
4.660000e-06	7.168675e-09	2.649958e-09	3.723285e+01	6.739448e+02
4.670000e-06	7.096642e-09	2.644357e-09	3.685872e+01	6.725204e+02
4.680000e-06	7.024168e-09	2.638388e-09	3.648230e+01	6.710023e+02
4.690000e-06	6.951294e-09	2.630533e-09	3.610381e+01	6.690044e+02
4.700000e-06	6.877979e-09	2.622007e-09	3.572302e+01	6.668361e+02
4.710000e-06	6.804142e-09	2.613448e-09	3.533952e+01	6.646593e+02
4.720000e-06	6.729784e-09	2.605083e-09	3.495332e+01	6.625320e+02
4.730000e-06	6.654937e-09	2.598042e-09	3.456458e+01	6.607412e+02
4.740000e-06	6.579587e-09	2.591457e-09	3.417323e+01	6.590667e+02
4.750000e-06	6.503716e-09	2.583392e-09	3.377916e+01	6.570154e+02
4.760000e-06	6.427277e-09	2.575371e-09	3.338215e+01	6.549756e+02
4.770000e-06	6.350219e-09	2.567912e-09	3.298193e+01	6.530786e+02
4.780000e-06	6.272602e-09	2.559293e-09	3.257881e+01	6.508865e+02
4.790000e-06	6.194503e-09	2.549943e-09	3.217318e+01	6.485087e+02
4.800000e-06	6.115912e-09	2.541265e-09	3.176499e+01	6.463017e+02
4.810000e-06	6.036831e-09	2.533131e-09	3.135426e+01	6.442331e+02
4.820000e-06	5.957297e-09	2.525521e-09	3.094117e+01	6.422977e+02
4.830000e-06	5.877333e-09	2.517995e-09	3.052585e+01	6.403836e+02
4.840000e-06	5.796937e-09	2.509191e-09	3.010829e+01	6.381444e+02
4.850000e-06	5.716107e-09	2.499100e-09	2.968847e+01	6.355781e+02
4.860000e-06	5.634838e-09	2.489395e-09	2.926637e+01	6.331100e+02
4.870000e-06	5.553148e-09	2.480702e-09	2.884209e+01	6.308990e+02
4.880000e-06	5.471091e-09	2.472050e-09	2.841591e+01	6.286987e+02
4.890000e-06	5.388703e-09	2.463239e-09	2.798799e+01	6.264578e+02
4.900000e-06	5.305994e-09	2.454291e-09	2.755842e+01	6.241820e+02
4.910000e-06	5.222973e-09	2.444806e-09	2.712722e+01	6.217700e+02
4.920000e-06	5.139646e-09	2.435160e-09	2.669443e+01	6.193167e+02
4.930000e-06	5.056016e-09	2.425409e-09	2.626007e+01	6.168367e+02
4.940000e-06	4.972065e-09	2.415064e-09	2.582404e+01	6.142058e+02
4.950000e-06	4.887762e-09	2.404762e-09	2.538619e+01	6.115858e+02
4.960000e-06	4.803086e-09	2.395231e-09	2.494640e+01	6.091617e+02
4.970000e-06	4.718042e-09	2.385992e-09	2.450469e+01	6.068120e+02
4.980000e-06	4.632646e-09	2.375827e-09	2.406116e+01	6.042270e+02
4.990000e-06	4.546894e-09	2.364865e-09	2.361579e+01	6.014391e+02
5.000000e-06	4.460777e-09	2.353739e-09	2.316851e+01	5.986096e+02
5.010000e-06	4.374271e-09	2.343197e-09	2.271921e+01	5.959283e+02
5.020000e-06	4.287381e-09	2.333705e-09	2.226793e+01	5.935144e+02
5.030000e-06	4.200141e-09	2.324176e-09	2.181482e+01	5.910909e+02
5.040000e-06	4.112571e-09	2.313804e-09	2.135999e+01	5.884531e+02
5.050000e-06	4.024681e-09	2.302498e-09	2.090350e+01	5.855777e+02
5.060000e-06	3.936489e-09	2.290749e-09	2.044545e+01	5.825897e+02
5.070000e-06	3.848028e-09	2.279407e-09	1.998600e+01	5.797053e+02
5.080000e-06	3.759326e-09	2.268295e-09	1.952530e+01	5.768792e+02
5.090000e-06	3.670402e-09	2.256979e-09	1.906344e+01	5.740012e+02
5.100000e-06	3.581259e-09	2.245365e-09	1.860044e+01	5.710474e+02
5.110000e-06	3.491894e-09	2.233836e-09	1.813630e+01	5.681154e+02
5.120000e-06	3.402303e-09	2.222299e-09	1.767098e+01	5.651812e+02
5.130000e-06	3.312480e-09	2.210452e-09	1.720446e+01	5.621682e+02
5.140000e-06	3.222423e-09	2.198285e-09	1.673671e+01	5.590741e+02
5.150000e-06	3.132130e-09	2.186122e-09	1.626775e+01	5.559808e+02
5.160000e-06	3.041610e-09	2.174389e-09	1.579760e+01	5.529967e+02
5.170000e-06	2.950891e-09	2.162779e-09	1.532642e+01	5.500440e+02
5.180000e-06	2.860007e-09	2.150712e-09	1.485438e+01	5.469750e+02
5.190000e-06	2.768975e-09	2.138475e-09	1.438158e+01	5.438629e+02
5.200000e-06	2.677796e-09	2.125669e-09	1.390801e+01	5.406061e+02
5.210000e-06	2.586467e-09	2.112244e-09	1.343366e+01	5.371917e+02
5.220000e-06	2.494975e-09	2.099732e-09	1.295847e+01	5.340098e+02
5.230000e-06	2.403313e-09	2.087453e-09	1.248239e+01	5.308869e+02
5.240000e-06	2.311473e-09	2.074630e-09	1.200539e+01	5.276258e+02
5.250000e-06	2.219450e-09	2.062116e-09	1.152743e+01	5.244431e+02
5.260000e-06	2.127235e-09	2.048899e-09	1.104848e+01	5.210818e+02
5.270000e-06	2.034826e-09	2.034367e-09	1.056853e+01	5.173858e+02
5.280000e-06	1.942227e-09	2.020553e-09	1.008759e+01	5.138726e+02
5.290000e-06	1.849440e-09	2.006893e-09	9.605671e+00	5.103987e+02
5.300000e-06	1.756485e-09	1.992664e-09	9.122879e+00	5.067798e+02
5.310000e-06	1.663393e-09	1.979089e-09	8.639376e+00	5.033274e+02
5.320000e-06	1.570185e-09	1.965511e-09	8.155273e+00	4.998744e+02
5.330000e-06	1.476891e-09	1.951265e-09	7.670723e+00	4.962512e+02
5.340000e-06	1.383533e-09	1.936830e-09	7.185839e+00	4.925799e+02
5.350000e-06	1.290109e-09	1.922148e-09	6.700611e+00	4.888462e+02
5.360000e-06	1.196610e-09	1.907300e-09	6.214996e+00	4.850700e+02
5.370000e-06	1.103029e-09	1.892595e-09	5.728955e+00	4.813300e+02
5.380000e-06	1.009364e-09	1.877855e-09	5.242473e+00	4.775814e+02
5.390000e-06	9.156156e-10	1.862643e-09	4.755564e+00	4.737126e+02
5.400000e-06	8.217934e-10	1.846932e-09	4.268269e+00	4.697170e+02
5.410000e-06	7.279047e-10	1.831017e-09	3.780630e+00	4.656694e+02
5.420000e-06	6.339558e-10	1.814714e-09	3.292677e+00	4.615232e+02
5.430000e-06	5.399519e-10	1.798141e-09	2.804440e+00	4.573082e+02
5.440000e-06	4.459050e-10	1.781806e-09	2.315978e+00	4.531540e+02
5.450000e-06	3.518298e-10	1.765652e-09	1.827370e+00	4.490457e+02
5.460000e-06	2.577491e-10	1.748949e-09	1.338733e+00	4.447975e+02
5.470000e-06	1.636825e-10	1.731621e-09	8.501694e-01	4.403907e+02
5.480000e-06	6.963593e-11	1.714048e-09	3.617097e-01	4.359215e+02
5.490000e-06	-2.438860e-11	1.695998e-09	-1.266355e-01	4.313310e+02
5.500000e-06	-1.183968e-10	1.677210e-09	-6.148959e-01	4.265527e+02
5.510000e-06	-2.123951e-10	1.658137e-09	-1.103105e+00	4.217021e+02
5.520000e-06	-3.063872e-10	1.639077e-09	-1.591281e+00	4.168547e+02
5.530000e-06	-4.003730e-10	1.619911e-09	-2.079426e+00	4.119802e+02
5.540000e-06	-4.943480e-10	1.600572e-09	-2.567514e+00	4.070619e+02
5.550000e-06	-5.883044e-10	1.581046e-09	-3.055505e+00	4.020960e+02
5.560000e-06	-6.822297e-10	1.561013e-09	-3.543334e+00	3.970012e+02
5.570000e-06	-7.761122e-10	1.540317e-09	-4.030942e+00	3.917378e+02
5.580000e-06	-8.699373e-10	1.518955e-09	-4.518252e+00	3.863050e+02
5.590000e-06	-9.636873e-10	1.496780e-09	-5.005171e+00	3.806653e+02
5.600000e-06	-1.057344e-09	1.473912e-09	-5.491606e+00	3.748494e+02
5.610000e-06	-1.150893e-09	1.450297e-09	-5.977481e+00	3.688437e+02
5.620000e-06	-1.244326e-09	1.426142e-09	-6.462753e+00	3.627004e+02
5.630000e-06	-1.337643e-09	1.401652e-09	-6.947424e+00	3.564721e+02
5.640000e-06	-1.430849e-09	1.376316e-09	-7.431522e+00	3.500285e+02
5.650000e-06	-1.523954e-09	1.350268e-09	-7.915088e+00	3.434040e+02
5.660000e-06	-1.616958e-09	1.323671e-09	-8.398135e+00	3.366397e+02
5.670000e-06	-1.709854e-09	1.295804e-09	-8.880620e+00	3.295524e+02
5.680000e-06	-1.802633e-09	1.266204e-09	-9.362496e+00	3.220245e+02
5.690000e-06	-1.895276e-09	1.235251e-09	-9.843666e+00	3.141526e+02
5.700000e-06	-1.987758e-09	1.203370e-09	-1.032400e+01	3.060445e+02
5.710000e-06	-2.080065e-09	1.170142e-09	-1.080343e+01	2.975938e+02
5.720000e-06	-2.172190e-09	1.135486e-09	-1.128191e+01	2.887801e+02
5.730000e-06	-2.264125e-09	1.099526e-09	-1.175940e+01	2.796345e+02
5.740000e-06	-2.355860e-09	1.061501e-09	-1.223586e+01	2.699639e+02
5.750000e-06	-2.447397e-09	1.020699e-09	-1.271129e+01	2.595871e+02
5.760000e-06	-2.538741e-09	9.775546e-10	-1.318572e+01	2.486144e+02
5.770000e-06	-2.629894e-09	9.320302e-10	-1.365915e+01	2.370365e+02
5.780000e-06	-2.720867e-09	8.830924e-10	-1.413165e+01	2.245905e+02
5.790000e-06	-2.811674e-09	8.305131e-10	-1.460328e+01	2.112184e+02
5.800000e-06	-2.902317e-09	7.740496e-10	-1.507407e+01	1.968585e+02
5.810000e-06	-2.992795e-09	7.128017e-10	-1.554400e+01	1.812817e+02
5.820000e-06	-3.083102e-09	6.468311e-10	-1.601304e+01	1.645039e+02
5.830000e-06	-3.173226e-09	5.755103e-10	-1.648112e+01	1.463654e+02
5.840000e-06	-3.263142e-09	4.973417e-10	-1.694814e+01	1.264853e+02
5.850000e-06	-3.352835e-09	4.117898e-10	-1.741398e+01	1.047275e+02
5.860000e-06	-3.442292e-09	3.184929e-10	-1.787861e+01	8.100002e+01
5.870000e-06	-3.531508e-09	2.181778e-10	-1.834199e+01	5.548758e+01
5.880000e-06	-3.620489e-09	1.121846e-10	-1.880413e+01	2.853110e+01
5.890000e-06	-3.709223e-09	1.269631e-12	-1.926500e+01	3.228962e-01
5.900000e-06	-3.797694e-09	-1.136154e-10	-1.972451e+01	-2.889499e+01
5.910000e-06	-3.885887e-09	-2.317194e-10	-2.018257e+01	-5.893153e+01
5.920000e-06	-3.973778e-09	-3.513369e-10	-2.063906e+01	-8.935298e+01
5.930000e-06	-4.061355e-09	-4.700354e-10	-2.109392e+01	-1.195407e+02
5.940000e-06	-4.148613e-09	-5.860146e-10	-2.154713e+01	-1.490369e+02
5.950000e-06	-4.235549e-09	-6.986751e-10	-2.199866e+01	-1.776890e+02
5.960000e-06	-4.322167e-09	-8.079637e-10	-2.244853e+01	-2.054836e+02
5.970000e-06	-4.408474e-09	-9.126986e-10	-2.289680e+01	-2.321201e+02
5.980000e-06	-4.494468e-09	-1.012089e-09	-2.334343e+01	-2.573973e+02
5.990000e-06	-4.580116e-09	-1.106285e-09	-2.378827e+01	-2.813535e+02
6.000000e-06	-4.665382e-09	-1.195566e-09	-2.423113e+01	-3.040596e+02
6.010000e-06	-4.750253e-09	-1.280249e-09	-2.467193e+01	-3.255966e+02
6.020000e-06	-4.834726e-09	-1.359820e-09	-2.511067e+01	-3.458333e+02
6.030000e-06	-4.918809e-09	-1.433426e-09	-2.554738e+01	-3.645529e+02
6.040000e-06	-5.002515e-09	-1.501935e-09	-2.598214e+01	-3.819762e+02
6.050000e-06	-5.085875e-09	-1.566321e-09	-2.641510e+01	-3.983511e+02
6.060000e-06	-5.168923e-09	-1.627128e-09	-2.684643e+01	-4.138158e+02
6.070000e-06	-5.251676e-09	-1.685310e-09	-2.727624e+01	-4.286129e+02
6.080000e-06	-5.334120e-09	-1.740501e-09	-2.770444e+01	-4.426490e+02
6.090000e-06	-5.416225e-09	-1.792069e-09	-2.813088e+01	-4.557640e+02
6.100000e-06	-5.497969e-09	-1.840306e-09	-2.855545e+01	-4.680318e+02
6.110000e-06	-5.579349e-09	-1.885851e-09	-2.897812e+01	-4.796148e+02
6.120000e-06	-5.660370e-09	-1.928269e-09	-2.939893e+01	-4.904027e+02
6.130000e-06	-5.741013e-09	-1.967268e-09	-2.981778e+01	-5.003212e+02
6.140000e-06	-5.821221e-09	-2.003857e-09	-3.023437e+01	-5.096265e+02
6.150000e-06	-5.900928e-09	-2.038611e-09	-3.064835e+01	-5.184652e+02
6.160000e-06	-5.980106e-09	-2.072687e-09	-3.105958e+01	-5.271315e+02
6.170000e-06	-6.058773e-09	-2.106527e-09	-3.146817e+01	-5.357380e+02
6.180000e-06	-6.136949e-09	-2.138268e-09	-3.187419e+01	-5.438103e+02
6.190000e-06	-6.214619e-09	-2.167199e-09	-3.227760e+01	-5.511681e+02
6.200000e-06	-6.291746e-09	-2.194020e-09	-3.267818e+01	-5.579893e+02
6.210000e-06	-6.368305e-09	-2.218889e-09	-3.307581e+01	-5.643141e+02
6.220000e-06	-6.444318e-09	-2.241777e-09	-3.347061e+01	-5.701350e+02
6.230000e-06	-6.519833e-09	-2.263207e-09	-3.386282e+01	-5.755850e+02
6.240000e-06	-6.594889e-09	-2.284080e-09	-3.425265e+01	-5.808936e+02
6.250000e-06	-6.669478e-09	-2.305254e-09	-3.464006e+01	-5.862787e+02
6.260000e-06	-6.743576e-09	-2.327069e-09	-3.502490e+01	-5.918266e+02
6.270000e-06	-6.817180e-09	-2.348406e-09	-3.540719e+01	-5.972532e+02
6.280000e-06	-6.890327e-09	-2.367556e-09	-3.578710e+01	-6.021234e+02
6.290000e-06	-6.963042e-09	-2.384203e-09	-3.616478e+01	-6.063572e+02
6.300000e-06	-7.035309e-09	-2.399249e-09	-3.654012e+01	-6.101837e+02
6.310000e-06	-7.107079e-09	-2.413593e-09	-3.691288e+01	-6.138318e+02
6.320000e-06	-7.178310e-09	-2.428045e-09	-3.728284e+01	-6.175073e+02
6.330000e-06	-7.248978e-09	-2.442685e-09	-3.764988e+01	-6.212304e+02
6.340000e-06	-7.319070e-09	-2.457268e-09	-3.801392e+01	-6.249392e+02
6.350000e-06	-7.388585e-09	-2.471706e-09	-3.837497e+01	-6.286111e+02
6.360000e-06	-7.457531e-09	-2.485940e-09	-3.873307e+01	-6.322312e+02
6.370000e-06	-7.525912e-09	-2.499415e-09	-3.908822e+01	-6.356583e+02
6.380000e-06	-7.593755e-09	-2.511153e-09	-3.944059e+01	-6.386434e+02
6.390000e-06	-7.661097e-09	-2.521547e-09	-3.979035e+01	-6.412869e+02
6.400000e-06	-7.727944e-09	-2.532046e-09	-4.013755e+01	-6.439571e+02
6.410000e-06	-7.794260e-09	-2.543074e-09	-4.048198e+01	-6.467618e+02
6.420000e-06	-7.860014e-09	-2.554379e-09	-4.082350e+01	-6.496368e+02
6.430000e-06	-7.925228e-09	-2.565508e-09	-4.116220e+01	-6.524672e+02
6.440000e-06	-7.989927e-09	-2.575584e-09	-4.149824e+01	-6.550298e+02
6.450000e-06	-8.054098e-09	-2.584961e-09	-4.183154e+01	-6.574145e+02
6.460000e-06	-8.117713e-09	-2.594667e-09	-4.216194e+01	-6.598831e+02
6.470000e-06	-8.180719e-09	-2.604290e-09	-4.248919e+01	-6.623303e+02
6.480000e-06	-8.243057e-09	-2.613184e-09	-4.281295e+01	-6.645924e+02
6.490000e-06	-8.304712e-09	-2.621672e-09	-4.313318e+01	-6.667509e+02
6.500000e-06	-8.365720e-09	-2.629780e-09	-4.345004e+01	-6.688129e+02
6.510000e-06	-8.426109e-09	-2.637785e-09	-4.376369e+01	-6.708488e+02
6.520000e-06	-8.485906e-09	-2.646170e-09	-4.407427e+01	-6.729813e+02
6.530000e-06	-8.545145e-09	-2.654295e-09	-4.438195e+01	-6.750477e+02
6.540000e-06	-8.603805e-09	-2.661823e-09	-4.468662e+01	-6.769622e+02
6.550000e-06	-8.661827e-09	-2.669654e-09	-4.498798e+01	-6.789540e+02
6.560000e-06	-8.719210e-09	-2.678143e-09	-4.528601e+01	-6.811128e+02
6.570000e-06	-8.776003e-09	-2.686034e-09	-4.558099e+01	-6.831198e+02
6.580000e-06	-8.832220e-09	-2.693027e-09	-4.587297e+01	-6.848982e+02
6.590000e-06	-8.887809e-09	-2.699717e-09	-4.616169e+01	-6.865997e+02
6.600000e-06	-8.942680e-09	-2.705985e-09	-4.644668e+01	-6.881937e+02
6.610000e-06	-8.996744e-09	-2.712385e-09	-4.672747e+01	-6.898213e+02
6.620000e-06	-9.049978e-09	-2.719358e-09	-4.700396e+01	-6.915947e+02
6.630000e-06	-9.102429e-09	-2.726028e-09	-4.727638e+01	-6.932912e+02
6.640000e-06	-9.154163e-09	-2.732138e-09	-4.754508e+01	-6.948449e+02
6.650000e-06	-9.205216e-09	-2.738415e-09	-4.781024e+01	-6.964415e+02
6.660000e-06	-9.255532e-09	-2.744653e-09	-4.807157e+01	-6.980279e+02
6.670000e-06	-9.304996e-09	-2.750353e-09	-4.832848e+01	-6.994774e+02
6.680000e-06	-9.353535e-09	-2.755699e-09	-4.858058e+01	-7.008370e+02
6.690000e-06	-9.401186e-09	-2.761164e-09	-4.882807e+01	-7.022270e+02
6.700000e-06	-9.448085e-09	-2.766687e-09	-4.907166e+01	-7.036317e+02
6.710000e-06	-9.494365e-09	-2.772032e-09	-4.931203e+01	-7.049909e+02
6.720000e-06	-9.540074e-09	-2.777564e-09	-4.954943e+01	-7.063979e+02
6.730000e-06	-9.585205e-09	-2.783182e-09	-4.978383e+01	-7.078266e+02
6.740000e-06	-9.629779e-09	-2.788344e-09	-5.001535e+01	-7.091395e+02
6.750000e-06	-9.673825e-09	-2.793157e-09	-5.024411e+01	-7.103634e+02
6.760000e-06	-9.717327e-09	-2.798086e-09	-5.047006e+01	-7.116170e+02
6.770000e-06	-9.760233e-09	-2.802933e-09	-5.069290e+01	-7.128497e+02
6.780000e-06	-9.802483e-09	-2.807279e-09	-5.091235e+01	-7.139551e+02
6.790000e-06	-9.844051e-09	-2.811634e-09	-5.112824e+01	-7.150625e+02
6.800000e-06	-9.884951e-09	-2.816676e-09	-5.134067e+01	-7.163449e+02
6.810000e-06	-9.925229e-09	-2.821585e-09	-5.154987e+01	-7.175934e+02
6.820000e-06	-9.964865e-09	-2.825594e-09	-5.175573e+01	-7.186130e+02
6.830000e-06	-1.000370e-08	-2.829273e-09	-5.195743e+01	-7.195486e+02
6.840000e-06	-1.004158e-08	-2.833251e-09	-5.215419e+01	-7.205603e+02
6.850000e-06	-1.007857e-08	-2.837759e-09	-5.234629e+01	-7.217067e+02
6.860000e-06	-1.011485e-08	-2.842509e-09	-5.253471e+01	-7.229148e+02
6.870000e-06	-1.015052e-08	-2.846984e-09	-5.271998e+01	-7.240530e+02
6.880000e-06	-1.018553e-08	-2.850993e-09	-5.290184e+01	-7.250726e+02
6.890000e-06	-1.021984e-08	-2.854565e-09	-5.308003e+01	-7.259809e+02
6.900000e-06	-1.025343e-08	-2.858060e-09	-5.325447e+01	-7.268699e+02
6.910000e-06	-1.028631e-08	-2.861703e-09	-5.342528e+01	-7.277962e+02
6.920000e-06	-1.031857e-08	-2.865118e-09	-5.359281e+01	-7.286647e+02
6.930000e-06	-1.035016e-08	-2.868361e-09	-5.375688e+01	-7.294897e+02
6.940000e-06	-1.038087e-08	-2.871922e-09	-5.391637e+01	-7.303953e+02
6.950000e-06	-1.041053e-08	-2.875660e-09	-5.407043e+01	-7.313460e+02
6.960000e-06	-1.043927e-08	-2.878878e-09	-5.421970e+01	-7.321644e+02
6.970000e-06	-1.046733e-08	-2.881525e-09	-5.436543e+01	-7.328374e+02
6.980000e-06	-1.049475e-08	-2.884204e-09	-5.450787e+01	-7.335188e+02
6.990000e-06	-1.052145e-08	-2.887228e-09	-5.464654e+01	-7.342880e+02
7.000000e-06	-1.054737e-08	-2.890436e-09	-5.478118e+01	-7.351039e+02
7.010000e-06	-1.057253e-08	-2.893847e-09	-5.491186e+01	-7.359712e+02
7.020000e-06	-1.059704e-08	-2.896851e-09	-5.503914e+01	-7.367353e+02
7.030000e-06	-1.062099e-08	-2.899231e-09	-5.516355e+01	-7.373406e+02
7.040000e-06	-1.064425e-08	-2.901846e-09	-5.528433e+01	-7.380055e+02
7.050000e-06	-1.066650e-08	-2.904579e-09	-5.539990e+01	-7.387006e+02
7.060000e-06	-1.068768e-08	-2.907051e-09	-5.550993e+01	-7.393294e+02
7.070000e-06	-1.070807e-08	-2.909095e-09	-5.561580e+01	-7.398492e+02
7.080000e-06	-1.072784e-08	-2.910874e-09	-5.571847e+01	-7.403016e+02
7.090000e-06	-1.074692e-08	-2.913177e-09	-5.581759e+01	-7.408872e+02
7.100000e-06	-1.076526e-08	-2.915833e-09	-5.591283e+01	-7.415628e+02
7.110000e-06	-1.078285e-08	-2.918221e-09	-5.600419e+01	-7.421701e+02
7.120000e-06	-1.079970e-08	-2.920153e-09	-5.609172e+01	-7.426614e+02
7.130000e-06	-1.081593e-08	-2.921462e-09	-5.617602e+01	-7.429945e+02
7.140000e-06	-1.083150e-08	-2.922799e-09	-5.625690e+01	-7.433345e+02
7.150000e-06	-1.084606e-08	-2.924861e-09	-5.633251e+01	-7.438587e+02
7.160000e-06	-1.085942e-08	-2.926933e-09	-5.640193e+01	-7.443858e+02
7.170000e-06	-1.087182e-08	-2.928427e-09	-5.646632e+01	-7.447656e+02
7.180000e-06	-1.088344e-08	-2.929866e-09	-5.652668e+01	-7.451318e+02
7.190000e-06	-1.089429e-08	-2.931453e-09	-5.658302e+01	-7.455354e+02
7.200000e-06	-1.090437e-08	-2.933018e-09	-5.663538e+01	-7.459332e+02
7.210000e-06	-1.091367e-08	-2.934470e-09	-5.668369e+01	-7.463026e+02
7.220000e-06	-1.092225e-08	-2.935636e-09	-5.672826e+01	-7.465990e+02
7.230000e-06	-1.093024e-08	-2.936385e-09	-5.676972e+01	-7.467896e+02
7.240000e-06	-1.093748e-08	-2.937174e-09	-5.680736e+01	-7.469902e+02
7.250000e-06	-1.094368e-08	-2.938327e-09	-5.683956e+01	-7.472836e+02
7.260000e-06	-1.094881e-08	-2.939370e-09	-5.686618e+01	-7.475489e+02
7.270000e-06	-1.095316e-08	-2.940026e-09	-5.688877e+01	-7.477156e+02
7.280000e-06	-1.095691e-08	-2.940405e-09	-5.690824e+01	-7.478120e+02
7.290000e-06	-1.095997e-08	-2.940827e-09	-5.692414e+01	-7.479194e+02
7.300000e-06	-1.096232e-08	-2.941472e-09	-5.693635e+01	-7.480835e+02
7.310000e-06	-1.096392e-08	-2.942222e-09	-5.694465e+01	-7.482742e+02
7.320000e-06	-1.096471e-08	-2.942871e-09	-5.694878e+01	-7.484391e+02
