# Configuracion:
# Concentracion g/m^3_=_10000.0
# C_Vs_to_Am_M_A/Vsm_=_254322799225.57578
# pendiente_HvsI_1/m_=_3716.3
# ordenada_HvsI_A/m_=_1297.0
# frecuencia_ref_Hz_=_136553.68983629034
# 
Resultados:
# tau_s_=_(3.40+/-0.56)e-07
# dphi_rad_=_6.57+/-0.04
# SAR_W/g_=_658.32+/-35.90
# Hc_kA/m_=_19.95+/-1.07
# Mr_A/m_=_418.58+/-36.83
# Suceptibilidad_a_M=0_=_0.0580+/-0.0128

Nombre_archivo	Time_m	Temperatura_(ºC)	Mr_(A/m)	Hc_(kA/m)	Campo_max_(A/m)	Mag_max_(A/m)	f0	mag0	dphi0	SAR_(W/g)	Tau_(s)	N	xi_M_0
135kHz_150dA_100Mss_Ni0013.txt	06/06/2024 11:02:01	-34.3	274.48	20.58	57041.50	547.75	1.365498e+05	4.397964e+00	6.582536e+00	538.09	3.597055e-07	4394	1.939e-02
135kHz_150dA_100Mss_Ni0014.txt	06/06/2024 11:02:01	-34.3	276.59	20.62	57041.50	536.47	1.365498e+05	4.373416e+00	6.586985e+00	542.79	3.653927e-07	4394	1.961e-02
135kHz_150dA_100Mss_Ni0015.txt	06/06/2024 11:02:02	-34.1	273.60	20.61	57041.50	544.67	1.365498e+05	4.294374e+00	6.588274e+00	535.17	3.670379e-07	4394	1.974e-02
135kHz_150dA_100Mss_Ni0016.txt	06/06/2024 11:02:02	-34.1	275.98	20.47	57041.50	539.69	1.365498e+05	4.371951e+00	6.587996e+00	544.36	3.666884e-07	4394	1.960e-02
135kHz_150dA_100Mss_Ni0017.txt	06/06/2024 11:02:03	-33.9	272.37	20.67	57041.50	516.89	1.365498e+05	4.182549e+00	6.597211e+00	536.01	3.785238e-07	4394	1.938e-02
135kHz_150dA_100Mss_Ni0018.txt	06/06/2024 11:02:04	-33.7	275.48	20.75	57041.50	515.61	1.365498e+05	4.201594e+00	6.596516e+00	537.30	3.776270e-07	4394	1.976e-02
135kHz_150dA_100Mss_Ni0019.txt	06/06/2024 11:02:05	-33.5	283.16	20.86	57041.50	512.89	1.365498e+05	4.203839e+00	6.599707e+00	542.87	3.817396e-07	4394	2.050e-02
135kHz_150dA_100Mss_Ni0020.txt	06/06/2024 11:02:05	-33.5	276.93	20.23	57041.50	527.55	1.365498e+05	4.266702e+00	6.595251e+00	543.49	3.760000e-07	4394	2.052e-02
135kHz_150dA_100Mss_Ni0021.txt	06/06/2024 11:02:06	-33.1	280.97	20.56	57041.50	515.43	1.365498e+05	4.194662e+00	6.596360e+00	536.15	3.774236e-07	4394	2.088e-02
135kHz_150dA_100Mss_Ni0022.txt	06/06/2024 11:02:06	-33.1	288.45	20.52	57041.50	518.79	1.365498e+05	4.280062e+00	6.596910e+00	548.00	3.781344e-07	4394	2.125e-02
135kHz_150dA_100Mss_Ni0023.txt	06/06/2024 11:02:07	-32.9	286.10	20.58	57041.50	513.09	1.365498e+05	4.241094e+00	6.596969e+00	543.11	3.782097e-07	4394	2.108e-02
135kHz_150dA_100Mss_Ni0024.txt	06/06/2024 11:02:07	-32.9	289.98	20.57	57041.50	515.59	1.365498e+05	4.250354e+00	6.599140e+00	547.93	3.810087e-07	4394	2.138e-02
135kHz_150dA_100Mss_Ni0025.txt	06/06/2024 11:02:08	-32.6	286.42	20.39	57041.50	510.74	1.365498e+05	4.171306e+00	6.598899e+00	537.34	3.807009e-07	4394	2.191e-02
135kHz_150dA_100Mss_Ni0026.txt	06/06/2024 11:02:09	-32.2	289.72	20.53	57041.50	509.94	1.365498e+05	4.231062e+00	6.601047e+00	548.63	3.834697e-07	4394	2.146e-02
135kHz_150dA_100Mss_Ni0027.txt	06/06/2024 11:02:09	-32.2	290.13	20.45	57041.50	520.51	1.365498e+05	4.220288e+00	6.600434e+00	546.21	3.826758e-07	4394	2.176e-02
135kHz_150dA_100Mss_Ni0028.txt	06/06/2024 11:02:10	-31.9	287.97	19.98	57041.50	542.35	1.365498e+05	4.271847e+00	6.596323e+00	545.95	3.773813e-07	4394	2.220e-02
135kHz_150dA_100Mss_Ni0029.txt	06/06/2024 11:02:10	-31.9	300.19	20.69	57041.50	506.99	1.365498e+05	4.231659e+00	6.603359e+00	552.56	3.864606e-07	4394	2.232e-02
135kHz_150dA_100Mss_Ni0030.txt	06/06/2024 11:02:11	-31.6	302.62	20.54	57041.50	498.80	1.365498e+05	4.195409e+00	6.601348e+00	544.50	3.838687e-07	4394	2.265e-02
135kHz_150dA_100Mss_Ni0031.txt	06/06/2024 11:02:11	-31.6	299.72	20.47	57041.50	511.53	1.365498e+05	4.265586e+00	6.602654e+00	555.80	3.855517e-07	4394	2.262e-02
135kHz_150dA_100Mss_Ni0032.txt	06/06/2024 11:02:12	-31.2	294.97	20.59	57041.50	499.98	1.365498e+05	4.152781e+00	6.606794e+00	547.87	3.909095e-07	4394	2.227e-02
135kHz_150dA_100Mss_Ni0033.txt	06/06/2024 11:02:12	-31.2	293.76	20.17	57041.50	519.75	1.365498e+05	4.230634e+00	6.602318e+00	550.69	3.851193e-07	4394	2.266e-02
135kHz_150dA_100Mss_Ni0034.txt	06/06/2024 11:02:13	-30.8	295.02	20.03	57041.50	521.81	1.365498e+05	4.301697e+00	6.597477e+00	551.73	3.788660e-07	4394	2.280e-02
135kHz_150dA_100Mss_Ni0035.txt	06/06/2024 11:02:13	-30.8	300.72	20.48	57041.50	497.11	1.365498e+05	4.167751e+00	6.604248e+00	545.67	3.876143e-07	4394	2.294e-02
135kHz_150dA_100Mss_Ni0036.txt	06/06/2024 11:02:14	-30.4	302.09	20.41	57041.50	508.07	1.365498e+05	4.216513e+00	6.605516e+00	554.16	3.892539e-07	4394	2.301e-02
135kHz_150dA_100Mss_Ni0037.txt	06/06/2024 11:02:14	-30.4	304.67	20.41	57041.50	523.56	1.365809e+05	4.250765e+00	6.600665e+00	550.66	3.829820e-07	4393	2.309e-02
135kHz_150dA_100Mss_Ni0038.txt	06/06/2024 11:02:15	-30.0	304.82	20.38	57041.50	506.65	1.365498e+05	4.223658e+00	6.603389e+00	551.56	3.865037e-07	4394	2.349e-02
135kHz_150dA_100Mss_Ni0039.txt	06/06/2024 11:02:16	-29.6	309.97	20.39	57041.50	509.47	1.365498e+05	4.272902e+00	6.601337e+00	554.54	3.838481e-07	4394	2.372e-02
135kHz_150dA_100Mss_Ni0040.txt	06/06/2024 11:02:16	-29.6	305.52	20.33	57041.50	503.65	1.365498e+05	4.243074e+00	6.605523e+00	557.66	3.892678e-07	4394	2.362e-02
135kHz_150dA_100Mss_Ni0041.txt	06/06/2024 11:02:17	-29.2	305.08	20.31	57041.50	510.04	1.365498e+05	4.209432e+00	6.605654e+00	553.46	3.894323e-07	4394	2.369e-02
135kHz_150dA_100Mss_Ni0042.txt	06/06/2024 11:02:17	-29.2	314.55	20.40	57041.50	506.90	1.365498e+05	4.291710e+00	6.605619e+00	564.22	3.893911e-07	4394	2.420e-02
135kHz_150dA_100Mss_Ni0043.txt	06/06/2024 11:02:18	-28.8	314.96	20.35	57041.50	512.44	1.365498e+05	4.334366e+00	6.604885e+00	568.57	3.884417e-07	4394	2.425e-02
135kHz_150dA_100Mss_Ni0044.txt	06/06/2024 11:02:18	-28.8	311.65	20.16	57041.50	516.31	1.365498e+05	4.277697e+00	6.602912e+00	557.81	3.858873e-07	4394	2.461e-02
135kHz_150dA_100Mss_Ni0045.txt	06/06/2024 11:02:19	-28.4	314.79	20.04	57041.50	517.88	1.365498e+05	4.351036e+00	6.601645e+00	565.21	3.842435e-07	4394	2.473e-02
135kHz_150dA_100Mss_Ni0046.txt	06/06/2024 11:02:20	-27.7	320.03	20.10	57041.50	529.45	1.365498e+05	4.416481e+00	6.598236e+00	567.77	3.798477e-07	4394	2.494e-02
135kHz_150dA_100Mss_Ni0047.txt	06/06/2024 11:02:20	-27.7	314.91	19.93	57041.50	532.96	1.365498e+05	4.435108e+00	6.596416e+00	566.98	3.775023e-07	4394	2.484e-02
135kHz_150dA_100Mss_Ni0048.txt	06/06/2024 11:02:21	-27.2	325.73	20.34	57041.50	521.24	1.365498e+05	4.415427e+00	6.605727e+00	580.67	3.895270e-07	4394	2.543e-02
135kHz_150dA_100Mss_Ni0049.txt	06/06/2024 11:02:21	-27.2	322.69	20.10	57041.50	529.95	1.365498e+05	4.447169e+00	6.598838e+00	572.77	3.806265e-07	4394	2.559e-02
135kHz_150dA_100Mss_Ni0050.txt	06/06/2024 11:02:22	-27.0	325.11	20.25	57041.50	518.03	1.365498e+05	4.342257e+00	6.605897e+00	571.34	3.897466e-07	4394	2.584e-02
135kHz_150dA_100Mss_Ni0051.txt	06/06/2024 11:02:22	-27.0	323.35	20.11	57041.50	528.15	1.365498e+05	4.405836e+00	6.600164e+00	569.75	3.823347e-07	4394	2.581e-02
135kHz_150dA_100Mss_Ni0052.txt	06/06/2024 11:02:23	-26.6	327.33	19.95	57041.50	539.46	1.365498e+05	4.492205e+00	6.597257e+00	575.77	3.785872e-07	4394	2.628e-02
135kHz_150dA_100Mss_Ni0053.txt	06/06/2024 11:02:23	-26.6	334.95	20.25	57041.50	547.29	1.365498e+05	4.524676e+00	6.598354e+00	581.89	3.799988e-07	4394	2.711e-02
135kHz_150dA_100Mss_Ni0054.txt	06/06/2024 11:02:24	-25.9	327.25	20.02	57041.50	537.54	1.365498e+05	4.451890e+00	6.601645e+00	578.31	3.842460e-07	4394	2.692e-02
135kHz_150dA_100Mss_Ni0055.txt	06/06/2024 11:02:24	-25.9	331.81	20.03	57041.50	534.05	1.365498e+05	4.479092e+00	6.599839e+00	578.65	3.819162e-07	4394	2.758e-02
135kHz_150dA_100Mss_Ni0056.txt	06/06/2024 11:02:25	-25.5	340.24	20.29	57041.50	527.28	1.365498e+05	4.505614e+00	6.602261e+00	586.38	3.850416e-07	4394	2.842e-02
135kHz_150dA_100Mss_Ni0057.txt	06/06/2024 11:02:26	-25.0	335.06	19.97	57041.50	550.95	1.365498e+05	4.532969e+00	6.601774e+00	589.07	3.844124e-07	4394	2.846e-02
135kHz_150dA_100Mss_Ni0058.txt	06/06/2024 11:02:26	-25.0	345.03	20.21	57041.50	530.03	1.365498e+05	4.572916e+00	6.605385e+00	600.76	3.890844e-07	4394	2.928e-02
135kHz_150dA_100Mss_Ni0059.txt	06/06/2024 11:02:27	-24.8	347.17	20.10	57041.50	549.59	1.365498e+05	4.626949e+00	6.602848e+00	603.24	3.858025e-07	4394	2.973e-02
135kHz_150dA_100Mss_Ni0060.txt	06/06/2024 11:02:27	-24.8	351.68	20.50	57041.50	536.70	1.365498e+05	4.570383e+00	6.608127e+00	605.36	3.926416e-07	4394	3.009e-02
135kHz_150dA_100Mss_Ni0061.txt	06/06/2024 11:02:28	-24.4	353.31	20.42	57041.50	545.41	1.365498e+05	4.611459e+00	6.607403e+00	609.49	3.917009e-07	4394	3.046e-02
135kHz_150dA_100Mss_Ni0062.txt	06/06/2024 11:02:28	-24.4	353.73	20.30	57041.50	556.75	1.365498e+05	4.653179e+00	6.603676e+00	608.18	3.868753e-07	4394	3.070e-02
135kHz_150dA_100Mss_Ni0063.txt	06/06/2024 11:02:29	-24.0	357.81	20.43	57041.50	543.88	1.365498e+05	4.579497e+00	6.609565e+00	609.16	3.945063e-07	4394	3.137e-02
135kHz_150dA_100Mss_Ni0064.txt	06/06/2024 11:02:29	-24.0	363.83	20.18	57041.50	554.70	1.365498e+05	4.710415e+00	6.601014e+00	610.72	3.834350e-07	4394	3.216e-02
135kHz_150dA_100Mss_Ni0065.txt	06/06/2024 11:02:30	-23.4	362.47	20.41	57041.50	562.45	1.365498e+05	4.687768e+00	6.606540e+00	617.98	3.905829e-07	4394	3.229e-02
135kHz_150dA_100Mss_Ni0066.txt	06/06/2024 11:02:30	-23.4	366.83	20.41	57041.50	564.76	1.365498e+05	4.774671e+00	6.604976e+00	626.50	3.885555e-07	4394	3.283e-02
135kHz_150dA_100Mss_Ni0067.txt	06/06/2024 11:02:31	-22.9	365.70	20.41	57041.50	565.80	1.365498e+05	4.758181e+00	6.605248e+00	624.85	3.889055e-07	4394	3.273e-02
135kHz_150dA_100Mss_Ni0068.txt	06/06/2024 11:02:32	-22.5	377.10	20.53	57041.50	562.87	1.365498e+05	4.791792e+00	6.606889e+00	632.35	3.910369e-07	4394	3.392e-02
135kHz_150dA_100Mss_Ni0069.txt	06/06/2024 11:02:32	-22.5	374.42	20.51	57041.50	555.67	1.365498e+05	4.722548e+00	6.613475e+00	635.44	3.995989e-07	4394	3.399e-02
135kHz_150dA_100Mss_Ni0070.txt	06/06/2024 11:02:33	-22.1	376.21	20.31	57041.50	557.90	1.365498e+05	4.798963e+00	6.607851e+00	635.12	3.922889e-07	4394	3.498e-02
135kHz_150dA_100Mss_Ni0071.txt	06/06/2024 11:02:33	-22.1	383.66	20.66	57041.50	564.82	1.365498e+05	4.825123e+00	6.612481e+00	647.36	3.983002e-07	4394	3.531e-02
135kHz_150dA_100Mss_Ni0072.txt	06/06/2024 11:02:34	-21.6	383.72	20.82	57041.50	559.51	1.365498e+05	4.787471e+00	6.616759e+00	650.34	4.038767e-07	4394	3.562e-02
135kHz_150dA_100Mss_Ni0073.txt	06/06/2024 11:02:34	-21.6	388.95	20.71	57041.50	568.45	1.365498e+05	4.846308e+00	6.615247e+00	655.46	4.019055e-07	4394	3.703e-02
135kHz_150dA_100Mss_Ni0074.txt	06/06/2024 11:02:35	-21.2	387.00	21.00	57041.50	558.16	1.365498e+05	4.795920e+00	6.617961e+00	653.75	4.054433e-07	4394	3.627e-02
135kHz_150dA_100Mss_Ni0075.txt	06/06/2024 11:02:35	-21.2	392.33	20.72	57041.50	582.82	1.365498e+05	4.883866e+00	6.614442e+00	659.00	4.008588e-07	4394	3.784e-02
135kHz_150dA_100Mss_Ni0076.txt	06/06/2024 11:02:36	-20.7	398.75	20.91	57041.50	578.10	1.365498e+05	4.912902e+00	6.615288e+00	664.54	4.019581e-07	4394	3.851e-02
135kHz_150dA_100Mss_Ni0077.txt	06/06/2024 11:02:37	-20.3	393.93	20.73	57041.50	583.15	1.365498e+05	4.928071e+00	6.614691e+00	665.44	4.011804e-07	4394	3.891e-02
135kHz_150dA_100Mss_Ni0078.txt	06/06/2024 11:02:37	-20.3	392.66	20.75	57041.50	587.90	1.365498e+05	4.937723e+00	6.616703e+00	670.64	4.038039e-07	4394	3.875e-02
135kHz_150dA_100Mss_Ni0079.txt	06/06/2024 11:02:38	-19.8	400.04	21.01	57041.50	569.46	1.365498e+05	4.947237e+00	6.618835e+00	676.07	4.065852e-07	4394	3.922e-02
135kHz_150dA_100Mss_Ni0080.txt	06/06/2024 11:02:38	-19.8	402.74	20.87	57041.50	580.88	1.365498e+05	4.984661e+00	6.617374e+00	678.33	4.046818e-07	4394	4.050e-02
135kHz_150dA_100Mss_Ni0081.txt	06/06/2024 11:02:39	-19.5	410.18	21.07	57041.50	587.24	1.365498e+05	5.062436e+00	6.619963e+00	694.05	4.080656e-07	4394	4.066e-02
135kHz_150dA_100Mss_Ni0082.txt	06/06/2024 11:02:39	-19.5	407.85	21.15	57041.50	587.22	1.365498e+05	5.017909e+00	6.617771e+00	683.63	4.051976e-07	4394	4.070e-02
135kHz_150dA_100Mss_Ni0083.txt	06/06/2024 11:02:40	-19.1	413.54	21.06	57041.50	577.98	1.365498e+05	4.952170e+00	6.622447e+00	683.74	4.113185e-07	4394	4.175e-02
135kHz_150dA_100Mss_Ni0084.txt	06/06/2024 11:02:40	-19.1	415.99	21.15	57041.50	574.69	1.365498e+05	5.010712e+00	6.619838e+00	686.71	4.079015e-07	4394	4.178e-02
135kHz_150dA_100Mss_Ni0085.txt	06/06/2024 11:02:41	-18.8	418.57	21.17	57041.50	578.80	1.365498e+05	5.039257e+00	6.619189e+00	689.34	4.070546e-07	4394	4.246e-02
135kHz_150dA_100Mss_Ni0086.txt	06/06/2024 11:02:42	-18.4	415.80	21.18	57041.50	567.24	1.365498e+05	4.996363e+00	6.624590e+00	694.03	4.141287e-07	4394	4.267e-02
135kHz_150dA_100Mss_Ni0087.txt	06/06/2024 11:02:42	-18.4	409.83	20.94	57041.50	588.76	1.365498e+05	4.964550e+00	6.623889e+00	688.25	4.132114e-07	4394	4.275e-02
135kHz_150dA_100Mss_Ni0088.txt	06/06/2024 11:02:43	-18.1	417.99	21.22	57041.50	588.91	1.365498e+05	5.009292e+00	6.623406e+00	693.51	4.125774e-07	4394	4.334e-02
135kHz_150dA_100Mss_Ni0089.txt	06/06/2024 11:02:43	-18.1	417.81	21.47	57041.50	578.11	1.365498e+05	5.021231e+00	6.627630e+00	703.45	4.181171e-07	4394	4.278e-02
135kHz_150dA_100Mss_Ni0090.txt	06/06/2024 11:02:44	-17.7	417.31	21.11	57041.50	595.30	1.365498e+05	5.051434e+00	6.624407e+00	701.32	4.138904e-07	4394	4.381e-02
135kHz_150dA_100Mss_Ni0091.txt	06/06/2024 11:02:44	-17.7	426.55	21.45	57041.50	583.88	1.365498e+05	4.981577e+00	6.630046e+00	702.59	4.213054e-07	4394	4.443e-02
135kHz_150dA_100Mss_Ni0092.txt	06/06/2024 11:02:45	-17.4	423.97	21.15	57041.50	583.07	1.365498e+05	5.079143e+00	6.625144e+00	706.63	4.148610e-07	4394	4.514e-02
135kHz_150dA_100Mss_Ni0093.txt	06/06/2024 11:02:45	-17.4	426.22	21.32	57041.50	578.00	1.365498e+05	4.997917e+00	6.630411e+00	705.61	4.217854e-07	4394	4.546e-02
135kHz_150dA_100Mss_Ni0094.txt	06/06/2024 11:02:46	-17.1	425.95	21.39	57041.50	585.25	1.365498e+05	5.040306e+00	6.630558e+00	711.88	4.219837e-07	4394	4.594e-02
135kHz_150dA_100Mss_Ni0095.txt	06/06/2024 11:02:47	-16.6	430.35	21.40	57041.50	599.39	1.365498e+05	5.089591e+00	6.628434e+00	714.63	4.191790e-07	4394	4.675e-02
135kHz_150dA_100Mss_Ni0096.txt	06/06/2024 11:02:48	-16.3	428.54	21.32	57041.50	578.60	1.365498e+05	5.014871e+00	6.630828e+00	708.82	4.223326e-07	4394	4.691e-02
135kHz_150dA_100Mss_Ni0097.txt	06/06/2024 11:02:48	-16.3	430.23	21.58	57041.50	577.51	1.365498e+05	5.044289e+00	6.636985e+00	725.08	4.304725e-07	4394	4.681e-02
135kHz_150dA_100Mss_Ni0098.txt	06/06/2024 11:02:49	-15.9	435.75	21.66	57041.50	586.67	1.365498e+05	5.147131e+00	6.630168e+00	726.19	4.214644e-07	4394	4.755e-02
135kHz_150dA_100Mss_Ni0099.txt	06/06/2024 11:02:49	-15.9	434.32	21.52	57041.50	595.40	1.365498e+05	5.164330e+00	6.626812e+00	721.85	4.170483e-07	4394	4.762e-02
135kHz_150dA_100Mss_Ni0100.txt	06/06/2024 11:02:50	-15.6	437.31	21.57	57041.50	600.72	1.365498e+05	5.197193e+00	6.625139e+00	723.04	4.148472e-07	4394	4.771e-02
135kHz_150dA_100Mss_Ni0101.txt	06/06/2024 11:02:50	-15.6	431.60	21.45	57041.50	593.29	1.365498e+05	5.101626e+00	6.632133e+00	723.68	4.240567e-07	4394	4.778e-02
135kHz_150dA_100Mss_Ni0102.txt	06/06/2024 11:02:51	-15.3	432.57	21.49	57041.50	601.03	1.365498e+05	5.167931e+00	6.628627e+00	726.02	4.194379e-07	4394	4.798e-02
135kHz_150dA_100Mss_Ni0103.txt	06/06/2024 11:02:51	-15.3	439.89	21.73	57041.50	575.69	1.365809e+05	5.061217e+00	6.636408e+00	726.54	4.297040e-07	4393	4.854e-02
135kHz_150dA_100Mss_Ni0104.txt	06/06/2024 11:02:52	-15.0	439.52	21.81	57041.50	586.31	1.365498e+05	5.110951e+00	6.633631e+00	727.98	4.260310e-07	4394	4.851e-02
135kHz_150dA_100Mss_Ni0105.txt	06/06/2024 11:02:53	-14.4	438.54	21.81	57041.50	585.76	1.365498e+05	5.108258e+00	6.635760e+00	731.84	4.288470e-07	4394	4.873e-02
135kHz_150dA_100Mss_Ni0106.txt	06/06/2024 11:02:53	-14.4	438.45	21.62	57041.50	590.89	1.365498e+05	5.147254e+00	6.629915e+00	725.70	4.211318e-07	4394	4.933e-02
135kHz_150dA_100Mss_Ni0107.txt	06/06/2024 11:02:54	-14.1	436.72	21.56	57041.50	596.73	1.365498e+05	5.160648e+00	6.628589e+00	724.91	4.193821e-07	4394	4.927e-02
135kHz_150dA_100Mss_Ni0108.txt	06/06/2024 11:02:54	-14.1	437.28	21.51	57041.50	585.11	1.365498e+05	5.083652e+00	6.632720e+00	722.29	4.248291e-07	4394	4.985e-02
135kHz_150dA_100Mss_Ni0109.txt	06/06/2024 11:02:55	-13.8	442.72	21.69	57041.50	586.04	1.365498e+05	5.133941e+00	6.633896e+00	731.79	4.263794e-07	4394	4.998e-02
135kHz_150dA_100Mss_Ni0110.txt	06/06/2024 11:02:55	-13.8	446.71	21.54	57041.50	588.91	1.365498e+05	5.184419e+00	6.628755e+00	728.59	4.196070e-07	4394	5.048e-02
135kHz_150dA_100Mss_Ni0111.txt	06/06/2024 11:02:56	-13.6	450.17	21.70	57041.50	599.04	1.365498e+05	5.168427e+00	6.630477e+00	729.82	4.218733e-07	4394	5.073e-02
135kHz_150dA_100Mss_Ni0112.txt	06/06/2024 11:02:56	-13.6	443.43	21.82	57041.50	586.13	1.365498e+05	5.144599e+00	6.634973e+00	735.47	4.278069e-07	4394	5.030e-02
135kHz_150dA_100Mss_Ni0113.txt	06/06/2024 11:02:57	-13.4	438.24	21.66	57041.50	593.84	1.365498e+05	5.133632e+00	6.635606e+00	735.17	4.286429e-07	4394	5.022e-02
135kHz_150dA_100Mss_Ni0114.txt	06/06/2024 11:02:58	-13.0	434.65	21.70	57041.50	589.47	1.365498e+05	5.083768e+00	6.635156e+00	727.13	4.280477e-07	4394	5.069e-02
135kHz_150dA_100Mss_Ni0115.txt	06/06/2024 11:02:58	-13.0	446.06	21.90	57041.50	574.95	1.365498e+05	5.022141e+00	6.638506e+00	724.87	4.324857e-07	4394	5.101e-02
135kHz_150dA_100Mss_Ni0116.txt	06/06/2024 11:02:59	-12.7	442.91	21.76	57041.50	570.66	1.365498e+05	5.036238e+00	6.637779e+00	725.48	4.315237e-07	4394	5.118e-02
135kHz_150dA_100Mss_Ni0117.txt	06/06/2024 11:02:59	-12.7	438.09	21.79	57041.50	587.01	1.365498e+05	5.126520e+00	6.633370e+00	729.68	4.256883e-07	4394	5.087e-02
135kHz_150dA_100Mss_Ni0118.txt	06/06/2024 11:03:00	-12.4	433.15	21.71	57041.50	586.92	1.365498e+05	5.044833e+00	6.633675e+00	718.65	4.260903e-07	4394	5.102e-02
135kHz_150dA_100Mss_Ni0119.txt	06/06/2024 11:03:00	-12.4	436.97	22.12	57041.50	567.99	1.365498e+05	5.019806e+00	6.639425e+00	726.32	4.336999e-07	4394	5.071e-02
135kHz_150dA_100Mss_Ni0120.txt	06/06/2024 11:03:01	-12.1	434.09	21.94	57041.50	559.28	1.365498e+05	4.956560e+00	6.641691e+00	721.54	4.367082e-07	4394	5.090e-02
135kHz_150dA_100Mss_Ni0121.txt	06/06/2024 11:03:01	-12.1	434.88	21.89	57041.50	567.82	1.365498e+05	4.970214e+00	6.635045e+00	710.68	4.279053e-07	4394	5.119e-02
135kHz_150dA_100Mss_Ni0122.txt	06/06/2024 11:03:02	-11.9	433.88	21.90	57041.50	571.47	1.365498e+05	5.040105e+00	6.633222e+00	717.09	4.254882e-07	4394	5.125e-02
135kHz_150dA_100Mss_Ni0123.txt	06/06/2024 11:03:02	-11.9	428.45	21.53	57041.50	582.74	1.365498e+05	5.012278e+00	6.629869e+00	706.58	4.210707e-07	4394	5.197e-02
135kHz_150dA_100Mss_Ni0124.txt	06/06/2024 11:03:03	-11.5	427.64	21.76	57041.50	565.28	1.365498e+05	4.953084e+00	6.635057e+00	708.25	4.279183e-07	4394	5.139e-02
135kHz_150dA_100Mss_Ni0125.txt	06/06/2024 11:03:04	-11.3	424.85	21.63	57041.50	575.91	1.365498e+05	4.967537e+00	6.631986e+00	704.37	4.238617e-07	4394	5.177e-02
135kHz_150dA_100Mss_Ni0126.txt	06/06/2024 11:03:04	-11.3	427.83	21.74	57041.50	563.87	1.365498e+05	4.951190e+00	6.632585e+00	703.21	4.246531e-07	4394	5.197e-02
135kHz_150dA_100Mss_Ni0127.txt	06/06/2024 11:03:05	-10.9	424.65	21.88	57041.50	565.43	1.365498e+05	4.899886e+00	6.634610e+00	699.79	4.273281e-07	4394	5.183e-02
135kHz_150dA_100Mss_Ni0128.txt	06/06/2024 11:03:05	-10.9	428.65	22.10	57041.50	556.33	1.365498e+05	4.875132e+00	6.640333e+00	707.11	4.349072e-07	4394	5.167e-02
135kHz_150dA_100Mss_Ni0129.txt	06/06/2024 11:03:06	-10.7	421.07	21.60	57041.50	578.53	1.365498e+05	4.928005e+00	6.628431e+00	691.93	4.191777e-07	4394	5.254e-02
135kHz_150dA_100Mss_Ni0130.txt	06/06/2024 11:03:06	-10.7	421.90	21.65	57041.50	570.64	1.365498e+05	4.946781e+00	6.628191e+00	694.10	4.188615e-07	4394	5.265e-02
135kHz_150dA_100Mss_Ni0131.txt	06/06/2024 11:03:07	-10.4	427.81	21.90	57041.50	559.84	1.365498e+05	4.933739e+00	6.634729e+00	704.85	4.274853e-07	4394	5.281e-02
135kHz_150dA_100Mss_Ni0132.txt	06/06/2024 11:03:07	-10.4	429.24	21.91	57041.50	563.52	1.365498e+05	4.928719e+00	6.633340e+00	701.47	4.256490e-07	4394	5.305e-02
135kHz_150dA_100Mss_Ni0133.txt	06/06/2024 11:03:08	-10.1	423.81	21.42	57041.50	578.96	1.365498e+05	4.982745e+00	6.627305e+00	697.43	4.176985e-07	4394	5.446e-02
135kHz_150dA_100Mss_Ni0134.txt	06/06/2024 11:03:09	-9.8	432.54	21.71	57041.50	559.97	1.365498e+05	4.923199e+00	6.631996e+00	698.10	4.238745e-07	4394	5.433e-02
135kHz_150dA_100Mss_Ni0135.txt	06/06/2024 11:03:09	-9.8	431.56	21.78	57041.50	559.20	1.365498e+05	4.901741e+00	6.633220e+00	697.40	4.254928e-07	4394	5.457e-02
135kHz_150dA_100Mss_Ni0136.txt	06/06/2024 11:03:10	-9.5	432.22	21.75	57041.50	548.87	1.365498e+05	4.865083e+00	6.636242e+00	697.91	4.294881e-07	4394	5.466e-02
135kHz_150dA_100Mss_Ni0137.txt	06/06/2024 11:03:10	-9.5	424.91	21.91	57041.50	554.02	1.365498e+05	4.876615e+00	6.637384e+00	701.73	4.309963e-07	4394	5.381e-02
135kHz_150dA_100Mss_Ni0138.txt	06/06/2024 11:03:11	-9.3	430.22	21.75	57041.50	576.94	1.365498e+05	4.959730e+00	6.629315e+00	698.10	4.203391e-07	4394	5.450e-02
135kHz_150dA_100Mss_Ni0139.txt	06/06/2024 11:03:11	-9.3	424.78	21.69	57041.50	573.93	1.365498e+05	4.915230e+00	6.629409e+00	692.01	4.204614e-07	4394	5.452e-02
135kHz_150dA_100Mss_Ni0140.txt	06/06/2024 11:03:12	-9.1	426.27	21.75	57041.50	570.38	1.365498e+05	4.959987e+00	6.630977e+00	701.35	4.225319e-07	4394	5.472e-02
135kHz_150dA_100Mss_Ni0141.txt	06/06/2024 11:03:12	-9.1	425.90	21.95	57041.50	565.27	1.365498e+05	4.906748e+00	6.632167e+00	696.10	4.240977e-07	4394	5.437e-02
135kHz_150dA_100Mss_Ni0142.txt	06/06/2024 11:03:13	-8.7	430.22	21.79	57041.50	571.92	1.365498e+05	4.956596e+00	6.627765e+00	694.66	4.182977e-07	4394	5.502e-02
135kHz_150dA_100Mss_Ni0143.txt	06/06/2024 11:03:13	-8.7	427.00	21.80	57041.50	549.76	1.365498e+05	4.888205e+00	6.635172e+00	699.19	4.280712e-07	4394	5.502e-02
135kHz_150dA_100Mss_Ni0144.txt	06/06/2024 11:03:14	-8.5	427.92	21.81	57041.50	540.78	1.365498e+05	4.808830e+00	6.638145e+00	693.40	4.320079e-07	4394	5.584e-02
135kHz_150dA_100Mss_Ni0145.txt	06/06/2024 11:03:14	-8.5	427.91	21.90	57041.50	570.14	1.365498e+05	4.962925e+00	6.630428e+00	700.70	4.217997e-07	4394	5.531e-02
135kHz_150dA_100Mss_Ni0146.txt	06/06/2024 11:03:15	-8.3	431.06	21.79	57041.50	567.41	1.365498e+05	4.921406e+00	6.630960e+00	695.86	4.225120e-07	4394	5.596e-02
135kHz_150dA_100Mss_Ni0147.txt	06/06/2024 11:03:16	-8.0	426.44	21.54	57041.50	553.90	1.365498e+05	4.861387e+00	6.632914e+00	691.08	4.250951e-07	4394	5.690e-02
135kHz_150dA_100Mss_Ni0148.txt	06/06/2024 11:03:16	-8.0	433.98	21.75	57041.50	559.04	1.365498e+05	4.874584e+00	6.633824e+00	694.68	4.262915e-07	4394	5.683e-02
135kHz_150dA_100Mss_Ni0149.txt	06/06/2024 11:03:17	-7.8	427.52	21.42	57041.50	578.31	1.365498e+05	4.991937e+00	6.624499e+00	693.24	4.140154e-07	4394	5.733e-02
135kHz_150dA_100Mss_Ni0150.txt	06/06/2024 11:03:17	-7.8	426.08	21.71	57041.50	559.01	1.365498e+05	4.836178e+00	6.634559e+00	690.60	4.272617e-07	4394	5.702e-02
135kHz_150dA_100Mss_Ni0151.txt	06/06/2024 11:03:18	-7.6	432.17	21.60	57041.50	567.22	1.365498e+05	4.988919e+00	6.628625e+00	700.86	4.194305e-07	4394	5.727e-02
135kHz_150dA_100Mss_Ni0152.txt	06/06/2024 11:03:19	-7.4	426.08	21.62	57041.50	573.46	1.365498e+05	4.911313e+00	6.628865e+00	690.42	4.197480e-07	4394	5.790e-02
135kHz_150dA_100Mss_Ni0153.txt	06/06/2024 11:03:19	-7.4	425.25	21.59	57041.50	554.59	1.365498e+05	4.881667e+00	6.629517e+00	687.49	4.206091e-07	4394	5.724e-02
135kHz_150dA_100Mss_Ni0154.txt	06/06/2024 11:03:20	-7.1	425.70	21.50	57041.50	567.32	1.365498e+05	4.912496e+00	6.625438e+00	684.01	4.152428e-07	4394	5.730e-02
135kHz_150dA_100Mss_Ni0155.txt	06/06/2024 11:03:20	-7.1	426.77	21.60	57041.50	553.28	1.365498e+05	4.874075e+00	6.627936e+00	683.42	4.185296e-07	4394	5.732e-02
135kHz_150dA_100Mss_Ni0156.txt	06/06/2024 11:03:21	-6.8	430.13	21.60	57041.50	546.04	1.365498e+05	4.824603e+00	6.631697e+00	683.56	4.234875e-07	4394	5.766e-02
135kHz_150dA_100Mss_Ni0157.txt	06/06/2024 11:03:21	-6.8	427.99	21.51	57041.50	560.17	1.365498e+05	4.949096e+00	6.624429e+00	687.15	4.139166e-07	4394	5.761e-02
135kHz_150dA_100Mss_Ni0158.txt	06/06/2024 11:03:22	-6.6	418.59	21.47	57041.50	572.88	1.365498e+05	4.916355e+00	6.624919e+00	683.55	4.145604e-07	4394	5.691e-02
135kHz_150dA_100Mss_Ni0159.txt	06/06/2024 11:03:22	-6.6	429.51	21.58	57041.50	573.17	1.365498e+05	4.911455e+00	6.623589e+00	680.32	4.128172e-07	4394	5.817e-02
135kHz_150dA_100Mss_Ni0160.txt	06/06/2024 11:03:23	-6.3	427.58	21.57	57041.50	563.26	1.365498e+05	4.921463e+00	6.625516e+00	685.41	4.153429e-07	4394	5.849e-02
135kHz_150dA_100Mss_Ni0161.txt	06/06/2024 11:03:23	-6.3	423.01	21.42	57041.50	578.35	1.365498e+05	4.947283e+00	6.621370e+00	680.98	4.099046e-07	4394	5.802e-02
135kHz_150dA_100Mss_Ni0162.txt	06/06/2024 11:03:24	-6.1	426.31	21.38	57041.50	556.07	1.365498e+05	4.924407e+00	6.625807e+00	686.38	4.157299e-07	4394	5.859e-02
135kHz_150dA_100Mss_Ni0163.txt	06/06/2024 11:03:24	-6.1	424.91	21.45	57041.50	558.44	1.365498e+05	4.845342e+00	6.627144e+00	677.89	4.174859e-07	4394	5.830e-02
135kHz_150dA_100Mss_Ni0164.txt	06/06/2024 11:03:25	-5.9	420.59	21.35	57041.50	574.44	1.365498e+05	4.938027e+00	6.622397e+00	681.69	4.112520e-07	4394	5.779e-02
135kHz_150dA_100Mss_Ni0165.txt	06/06/2024 11:03:25	-5.9	425.83	21.39	57041.50	565.96	1.365498e+05	4.955344e+00	6.620364e+00	680.14	4.085903e-07	4394	5.889e-02
135kHz_150dA_100Mss_Ni0166.txt	06/06/2024 11:03:26	-5.7	425.71	21.52	57041.50	563.02	1.365498e+05	4.920015e+00	6.623768e+00	681.85	4.130479e-07	4394	5.811e-02
135kHz_150dA_100Mss_Ni0167.txt	06/06/2024 11:03:26	-5.7	428.40	21.60	57041.50	551.37	1.365498e+05	4.853343e+00	6.629404e+00	683.29	4.204564e-07	4394	5.852e-02
135kHz_150dA_100Mss_Ni0168.txt	06/06/2024 11:03:27	-5.5	421.93	21.24	57041.50	574.43	1.365498e+05	4.997781e+00	6.616564e+00	678.53	4.036209e-07	4394	5.842e-02
135kHz_150dA_100Mss_Ni0169.txt	06/06/2024 11:03:28	-5.3	422.09	21.50	57041.50	571.03	1.365498e+05	4.939180e+00	6.620971e+00	679.10	4.093823e-07	4394	5.811e-02
135kHz_150dA_100Mss_Ni0170.txt	06/06/2024 11:03:28	-5.3	421.12	21.32	57041.50	583.06	1.365498e+05	4.941830e+00	6.618651e+00	674.97	4.063482e-07	4394	5.871e-02
135kHz_150dA_100Mss_Ni0171.txt	06/06/2024 11:03:29	-5.1	421.30	21.27	57041.50	568.78	1.365498e+05	4.897647e+00	6.621393e+00	674.20	4.099369e-07	4394	5.895e-02
135kHz_150dA_100Mss_Ni0172.txt	06/06/2024 11:03:30	-4.8	426.17	21.34	57041.50	563.93	1.365498e+05	4.985712e+00	6.620041e+00	683.68	4.081658e-07	4394	5.958e-02
135kHz_150dA_100Mss_Ni0173.txt	06/06/2024 11:03:30	-4.8	425.68	21.03	57041.50	586.58	1.365498e+05	5.050744e+00	6.614030e+00	680.70	4.003238e-07	4394	6.045e-02
135kHz_150dA_100Mss_Ni0174.txt	06/06/2024 11:03:31	-4.8	422.43	21.26	57041.50	595.25	1.365498e+05	5.027218e+00	6.613333e+00	676.15	3.994076e-07	4394	5.887e-02
135kHz_150dA_100Mss_Ni0175.txt	06/06/2024 11:03:31	-4.8	422.13	21.40	57041.50	578.95	1.365498e+05	4.987429e+00	6.619599e+00	683.05	4.075825e-07	4394	5.877e-02
135kHz_150dA_100Mss_Ni0176.txt	06/06/2024 11:03:32	-4.5	423.76	21.21	57041.50	581.28	1.365498e+05	5.014921e+00	6.615076e+00	677.93	4.016818e-07	4394	5.922e-02
135kHz_150dA_100Mss_Ni0177.txt	06/06/2024 11:03:32	-4.5	429.16	21.40	57041.50	565.22	1.365498e+05	4.978610e+00	6.619843e+00	682.32	4.079076e-07	4394	5.980e-02
135kHz_150dA_100Mss_Ni0178.txt	06/06/2024 11:03:33	-4.4	422.74	21.31	57041.50	565.83	1.365498e+05	4.905771e+00	6.624462e+00	681.20	4.139608e-07	4394	5.935e-02
135kHz_150dA_100Mss_Ni0179.txt	06/06/2024 11:03:33	-4.4	425.66	21.34	57041.50	570.33	1.365498e+05	4.953464e+00	6.618561e+00	676.39	4.062302e-07	4394	5.963e-02
135kHz_150dA_100Mss_Ni0180.txt	06/06/2024 11:03:34	-4.2	426.67	21.32	57041.50	562.68	1.365498e+05	4.976604e+00	6.618962e+00	680.33	4.067546e-07	4394	5.950e-02
135kHz_150dA_100Mss_Ni0181.txt	06/06/2024 11:03:34	-4.2	423.41	21.12	57041.50	582.34	1.365498e+05	5.043039e+00	6.609973e+00	671.62	3.950392e-07	4394	5.976e-02
135kHz_150dA_100Mss_Ni0182.txt	06/06/2024 11:03:35	-4.0	419.73	20.97	57041.50	582.03	1.365498e+05	5.031282e+00	6.610604e+00	671.31	3.958603e-07	4394	6.040e-02
135kHz_150dA_100Mss_Ni0183.txt	06/06/2024 11:03:35	-4.0	424.85	21.38	57041.50	568.25	1.365498e+05	5.022237e+00	6.617356e+00	683.41	4.046564e-07	4394	5.904e-02
135kHz_150dA_100Mss_Ni0184.txt	06/06/2024 11:03:36	-3.7	426.93	21.16	57041.50	567.18	1.365498e+05	4.997835e+00	6.614576e+00	674.64	4.010318e-07	4394	6.015e-02
135kHz_150dA_100Mss_Ni0185.txt	06/06/2024 11:03:36	-3.7	427.60	21.06	57041.50	573.08	1.365498e+05	5.052044e+00	6.611095e+00	675.05	3.964972e-07	4394	6.102e-02
135kHz_150dA_100Mss_Ni0186.txt	06/06/2024 11:03:37	-3.5	429.12	21.08	57041.50	578.35	1.365498e+05	5.075033e+00	6.608820e+00	673.59	3.935438e-07	4394	6.100e-02
135kHz_150dA_100Mss_Ni0187.txt	06/06/2024 11:03:37	-3.5	421.40	21.21	57041.50	565.21	1.365498e+05	4.945134e+00	6.616364e+00	670.99	4.033562e-07	4394	5.999e-02
135kHz_150dA_100Mss_Ni0188.txt	06/06/2024 11:03:38	-3.4	423.95	21.16	57041.50	582.54	1.365498e+05	4.990111e+00	6.612575e+00	669.68	3.984230e-07	4394	6.028e-02
135kHz_150dA_100Mss_Ni0189.txt	06/06/2024 11:03:38	-3.4	425.28	21.23	57041.50	572.80	1.365498e+05	5.073971e+00	6.612550e+00	680.88	3.983913e-07	4394	5.974e-02
135kHz_150dA_100Mss_Ni0190.txt	06/06/2024 11:03:40	-3.1	417.53	21.09	57041.50	590.75	1.365498e+05	5.003703e+00	6.611695e+00	669.77	3.972745e-07	4394	5.979e-02
135kHz_150dA_100Mss_Ni0191.txt	06/06/2024 11:03:40	-3.1	430.54	21.16	57041.50	582.36	1.365498e+05	5.068257e+00	6.610826e+00	676.68	3.961499e-07	4394	6.081e-02
135kHz_150dA_100Mss_Ni0192.txt	06/06/2024 11:03:41	-3.0	424.86	21.16	57041.50	583.50	1.365498e+05	5.089198e+00	6.611944e+00	681.71	3.976011e-07	4394	6.035e-02
135kHz_150dA_100Mss_Ni0193.txt	06/06/2024 11:03:41	-3.0	421.88	21.04	57041.50	589.57	1.365498e+05	5.086686e+00	6.608823e+00	675.14	3.935451e-07	4394	5.998e-02
135kHz_150dA_100Mss_Ni0194.txt	06/06/2024 11:03:42	-2.9	425.16	20.94	57041.50	590.24	1.365498e+05	5.091242e+00	6.607640e+00	673.38	3.920090e-07	4394	6.085e-02
135kHz_150dA_100Mss_Ni0195.txt	06/06/2024 11:03:42	-2.9	423.59	20.94	57041.50	582.03	1.365498e+05	5.081462e+00	6.607584e+00	671.97	3.919394e-07	4394	6.094e-02
135kHz_150dA_100Mss_Ni0196.txt	06/06/2024 11:03:43	-2.7	421.97	21.01	57041.50	578.88	1.365498e+05	5.019718e+00	6.608702e+00	666.01	3.933905e-07	4394	6.037e-02
135kHz_150dA_100Mss_Ni0197.txt	06/06/2024 11:03:43	-2.7	423.36	21.02	57041.50	572.06	1.365498e+05	4.998601e+00	6.613423e+00	672.48	3.995316e-07	4394	6.061e-02
135kHz_150dA_100Mss_Ni0198.txt	06/06/2024 11:03:44	-2.6	428.20	20.90	57041.50	581.16	1.365498e+05	5.056796e+00	6.607140e+00	667.83	3.913702e-07	4394	6.140e-02
135kHz_150dA_100Mss_Ni0199.txt	06/06/2024 11:03:44	-2.6	424.47	20.96	57041.50	577.23	1.365498e+05	5.072950e+00	6.608197e+00	672.07	3.927315e-07	4394	6.095e-02
135kHz_150dA_100Mss_Ni0200.txt	06/06/2024 11:03:45	-2.5	426.51	21.00	57041.50	586.12	1.365498e+05	5.115543e+00	6.609830e+00	680.99	3.948519e-07	4394	6.141e-02
135kHz_150dA_100Mss_Ni0201.txt	06/06/2024 11:03:45	-2.5	420.84	20.92	57041.50	590.24	1.365498e+05	5.092563e+00	6.607072e+00	672.41	3.912723e-07	4394	6.149e-02
135kHz_150dA_100Mss_Ni0202.txt	06/06/2024 11:03:46	-2.3	421.16	20.97	57041.50	583.20	1.365498e+05	5.079168e+00	6.607831e+00	672.16	3.922582e-07	4394	6.032e-02
135kHz_150dA_100Mss_Ni0203.txt	06/06/2024 11:03:46	-2.3	424.55	20.77	57041.50	583.24	1.365498e+05	5.123747e+00	6.604335e+00	671.01	3.877284e-07	4394	6.138e-02
135kHz_150dA_100Mss_Ni0204.txt	06/06/2024 11:03:47	-2.3	421.41	20.91	57041.50	616.64	1.365498e+05	5.146136e+00	6.598821e+00	662.76	3.806033e-07	4394	6.079e-02
135kHz_150dA_100Mss_Ni0205.txt	06/06/2024 11:03:47	-2.3	422.77	20.78	57041.50	597.84	1.365498e+05	5.219294e+00	6.598841e+00	672.23	3.806264e-07	4394	6.108e-02
135kHz_150dA_100Mss_Ni0206.txt	06/06/2024 11:03:48	-2.1	417.80	20.88	57041.50	606.56	1.365498e+05	5.082761e+00	6.602357e+00	661.69	3.851691e-07	4394	6.079e-02
135kHz_150dA_100Mss_Ni0207.txt	06/06/2024 11:03:48	-2.1	420.33	20.92	57041.50	597.03	1.365498e+05	5.103880e+00	6.602575e+00	664.87	3.854461e-07	4394	6.089e-02
135kHz_150dA_100Mss_Ni0208.txt	06/06/2024 11:03:49	-2.0	421.41	20.99	57041.50	586.63	1.365498e+05	5.110567e+00	6.603540e+00	667.69	3.866929e-07	4394	6.081e-02
135kHz_150dA_100Mss_Ni0209.txt	06/06/2024 11:03:50	-1.9	421.61	21.01	57041.50	589.70	1.365809e+05	5.064627e+00	6.607995e+00	670.71	3.924686e-07	4393	6.086e-02
135kHz_150dA_100Mss_Ni0210.txt	06/06/2024 11:03:50	-1.9	424.81	20.87	57041.50	586.69	1.365498e+05	5.154159e+00	6.601810e+00	669.87	3.844594e-07	4394	6.111e-02
135kHz_150dA_100Mss_Ni0211.txt	06/06/2024 11:03:51	-1.8	424.26	20.72	57041.50	597.50	1.365498e+05	5.168193e+00	6.597568e+00	663.05	3.789856e-07	4394	6.209e-02
135kHz_150dA_100Mss_Ni0212.txt	06/06/2024 11:03:51	-1.8	420.04	20.78	57041.50	606.23	1.365498e+05	5.124265e+00	6.602112e+00	666.59	3.848519e-07	4394	6.086e-02
135kHz_150dA_100Mss_Ni0213.txt	06/06/2024 11:03:52	-1.6	421.59	20.73	57041.50	602.29	1.365498e+05	5.166450e+00	6.597931e+00	663.56	3.794535e-07	4394	6.138e-02
135kHz_150dA_100Mss_Ni0214.txt	06/06/2024 11:03:53	-1.5	423.37	20.58	57041.50	598.96	1.365498e+05	5.147750e+00	6.599812e+00	664.98	3.818819e-07	4394	6.203e-02
135kHz_150dA_100Mss_Ni0215.txt	06/06/2024 11:03:53	-1.5	426.36	20.86	57041.50	586.32	1.365498e+05	5.173190e+00	6.601594e+00	671.90	3.841836e-07	4394	6.139e-02
135kHz_150dA_100Mss_Ni0216.txt	06/06/2024 11:03:54	-1.4	429.45	20.99	57041.50	592.84	1.365498e+05	5.102818e+00	6.601153e+00	661.88	3.836140e-07	4394	6.166e-02
135kHz_150dA_100Mss_Ni0217.txt	06/06/2024 11:03:54	-1.4	427.53	20.85	57041.50	603.08	1.365498e+05	5.255250e+00	6.598103e+00	675.33	3.796770e-07	4394	6.137e-02
135kHz_150dA_100Mss_Ni0218.txt	06/06/2024 11:03:55	-1.2	417.69	20.60	57041.50	623.91	1.365498e+05	5.245304e+00	6.593757e+00	665.05	3.740826e-07	4394	6.105e-02
135kHz_150dA_100Mss_Ni0219.txt	06/06/2024 11:03:55	-1.2	419.92	20.72	57041.50	607.01	1.365498e+05	5.146282e+00	6.598379e+00	661.88	3.800311e-07	4394	6.149e-02
135kHz_150dA_100Mss_Ni0220.txt	06/06/2024 11:03:56	-1.1	429.81	20.59	57041.50	593.80	1.365498e+05	5.127024e+00	6.597360e+00	657.35	3.787219e-07	4394	6.364e-02
135kHz_150dA_100Mss_Ni0221.txt	06/06/2024 11:03:56	-1.1	426.42	20.62	57041.50	629.87	1.365498e+05	5.298988e+00	6.593364e+00	671.03	3.735759e-07	4394	6.266e-02
135kHz_150dA_100Mss_Ni0222.txt	06/06/2024 11:03:57	-0.9	422.93	20.58	57041.50	622.26	1.365498e+05	5.248985e+00	6.592101e+00	662.08	3.719587e-07	4394	6.191e-02
135kHz_150dA_100Mss_Ni0223.txt	06/06/2024 11:03:57	-0.9	426.37	20.59	57041.50	610.61	1.365498e+05	5.285960e+00	6.592236e+00	667.03	3.721285e-07	4394	6.291e-02
135kHz_150dA_100Mss_Ni0224.txt	06/06/2024 11:03:58	-0.8	429.54	20.55	57041.50	617.14	1.365498e+05	5.347186e+00	6.590031e+00	670.09	3.693002e-07	4394	6.261e-02
135kHz_150dA_100Mss_Ni0225.txt	06/06/2024 11:03:58	-0.8	420.99	20.46	57041.50	614.94	1.365498e+05	5.233576e+00	6.592872e+00	661.73	3.729447e-07	4394	6.227e-02
135kHz_150dA_100Mss_Ni0226.txt	06/06/2024 11:03:59	-0.7	430.33	20.71	57041.50	608.53	1.365498e+05	5.281693e+00	6.594758e+00	671.75	3.753716e-07	4394	6.254e-02
135kHz_150dA_100Mss_Ni0227.txt	06/06/2024 11:03:59	-0.7	423.27	20.51	57041.50	612.42	1.365498e+05	5.260191e+00	6.592778e+00	664.90	3.728252e-07	4394	6.326e-02
135kHz_150dA_100Mss_Ni0228.txt	06/06/2024 11:04:00	-0.6	422.28	20.63	57041.50	626.10	1.365498e+05	5.275414e+00	6.592346e+00	665.93	3.722657e-07	4394	6.199e-02
135kHz_150dA_100Mss_Ni0229.txt	06/06/2024 11:04:01	-0.4	425.60	20.54	57041.50	606.81	1.365498e+05	5.305215e+00	6.590929e+00	666.72	3.704477e-07	4394	6.300e-02
135kHz_150dA_100Mss_Ni0230.txt	06/06/2024 11:04:01	-0.4	425.21	20.63	57041.50	607.24	1.365498e+05	5.250713e+00	6.592624e+00	663.39	3.726274e-07	4394	6.277e-02
135kHz_150dA_100Mss_Ni0231.txt	06/06/2024 11:04:02	-0.4	427.36	20.57	57041.50	611.06	1.365498e+05	5.263231e+00	6.592041e+00	663.75	3.718775e-07	4394	6.342e-02
135kHz_150dA_100Mss_Ni0232.txt	06/06/2024 11:04:02	-0.4	424.94	20.70	57041.50	600.83	1.365498e+05	5.262341e+00	6.595027e+00	669.85	3.757136e-07	4394	6.171e-02
135kHz_150dA_100Mss_Ni0233.txt	06/06/2024 11:04:03	-0.3	426.41	20.56	57041.50	621.46	1.365498e+05	5.383075e+00	6.589243e+00	672.91	3.682854e-07	4394	6.208e-02
135kHz_150dA_100Mss_Ni0234.txt	06/06/2024 11:04:03	-0.3	433.08	20.67	57041.50	609.76	1.365498e+05	5.289176e+00	6.592094e+00	667.14	3.719482e-07	4394	6.371e-02
135kHz_150dA_100Mss_Ni0235.txt	06/06/2024 11:04:04	-0.1	425.29	20.49	57041.50	628.69	1.365498e+05	5.399874e+00	6.585392e+00	666.78	3.633583e-07	4394	6.296e-02
135kHz_150dA_100Mss_Ni0236.txt	06/06/2024 11:04:04	-0.1	426.25	20.61	57041.50	621.94	1.365498e+05	5.385616e+00	6.590470e+00	675.84	3.698606e-07	4394	6.198e-02
135kHz_150dA_100Mss_Ni0237.txt	06/06/2024 11:04:05	0.0	429.62	20.56	57041.50	633.38	1.365498e+05	5.408167e+00	6.587032e+00	671.32	3.654549e-07	4394	6.266e-02
135kHz_150dA_100Mss_Ni0238.txt	06/06/2024 11:04:05	0.0	431.23	20.70	57041.50	618.08	1.365498e+05	5.355499e+00	6.589400e+00	669.80	3.684893e-07	4394	6.268e-02
135kHz_150dA_100Mss_Ni0239.txt	06/06/2024 11:04:06	0.1	426.56	20.59	57041.50	634.84	1.365498e+05	5.404554e+00	6.584813e+00	666.12	3.626205e-07	4394	6.237e-02
135kHz_150dA_100Mss_Ni0240.txt	06/06/2024 11:04:06	0.1	425.07	20.62	57041.50	613.51	1.365498e+05	5.298771e+00	6.590373e+00	664.74	3.697394e-07	4394	6.215e-02
135kHz_150dA_100Mss_Ni0241.txt	06/06/2024 11:04:07	0.2	430.79	20.56	57041.50	620.82	1.365498e+05	5.383505e+00	6.586997e+00	668.18	3.654135e-07	4394	6.308e-02
135kHz_150dA_100Mss_Ni0242.txt	06/06/2024 11:04:07	0.2	427.72	20.41	57041.50	626.55	1.365498e+05	5.381646e+00	6.585479e+00	664.71	3.634657e-07	4394	6.340e-02
135kHz_150dA_100Mss_Ni0243.txt	06/06/2024 11:04:08	0.3	432.62	20.54	57041.50	624.22	1.365498e+05	5.437135e+00	6.585414e+00	671.43	3.633866e-07	4394	6.333e-02
135kHz_150dA_100Mss_Ni0244.txt	06/06/2024 11:04:08	0.3	430.50	20.63	57041.50	618.96	1.365498e+05	5.387551e+00	6.590348e+00	675.83	3.697066e-07	4394	6.300e-02
135kHz_150dA_100Mss_Ni0245.txt	06/06/2024 11:04:09	0.4	424.08	20.44	57041.50	632.08	1.365498e+05	5.385004e+00	6.584683e+00	663.43	3.624492e-07	4394	6.292e-02
135kHz_150dA_100Mss_Ni0246.txt	06/06/2024 11:04:10	0.5	429.93	20.63	57041.50	628.10	1.365498e+05	5.435237e+00	6.586552e+00	673.64	3.648394e-07	4394	6.339e-02
135kHz_150dA_100Mss_Ni0247.txt	06/06/2024 11:04:11	0.6	430.27	20.40	57041.50	639.58	1.365498e+05	5.513937e+00	6.580655e+00	670.51	3.573101e-07	4394	6.294e-02
135kHz_150dA_100Mss_Ni0248.txt	06/06/2024 11:04:11	0.6	423.31	20.33	57041.50	652.68	1.365498e+05	5.495198e+00	6.578792e+00	664.17	3.549340e-07	4394	6.321e-02
135kHz_150dA_100Mss_Ni0249.txt	06/06/2024 11:04:12	0.7	423.92	20.22	57041.50	645.01	1.365809e+05	5.431754e+00	6.581854e+00	663.25	3.588405e-07	4393	6.359e-02
135kHz_150dA_100Mss_Ni0250.txt	06/06/2024 11:04:12	0.7	425.60	20.25	57041.50	629.63	1.365498e+05	5.436707e+00	6.581984e+00	663.99	3.590075e-07	4394	6.358e-02
135kHz_150dA_100Mss_Ni0251.txt	06/06/2024 11:04:13	0.8	432.24	20.43	57041.50	622.80	1.365498e+05	5.429753e+00	6.585998e+00	671.77	3.641310e-07	4394	6.386e-02
135kHz_150dA_100Mss_Ni0252.txt	06/06/2024 11:04:13	0.8	429.24	20.53	57041.50	632.68	1.365498e+05	5.465177e+00	6.582695e+00	669.00	3.599107e-07	4394	6.311e-02
135kHz_150dA_100Mss_Ni0253.txt	06/06/2024 11:04:14	0.9	427.63	20.42	57041.50	646.08	1.365498e+05	5.504926e+00	6.578529e+00	664.77	3.546012e-07	4394	6.256e-02
135kHz_150dA_100Mss_Ni0254.txt	06/06/2024 11:04:14	0.9	427.50	20.29	57041.50	632.91	1.365498e+05	5.491202e+00	6.580579e+00	667.58	3.572114e-07	4394	6.309e-02
135kHz_150dA_100Mss_Ni0255.txt	06/06/2024 11:04:15	1.0	426.17	20.29	57041.50	650.03	1.365498e+05	5.464545e+00	6.581217e+00	665.72	3.580253e-07	4394	6.334e-02
135kHz_150dA_100Mss_Ni0256.txt	06/06/2024 11:04:15	1.0	424.81	20.17	57041.50	653.28	1.365498e+05	5.527042e+00	6.575580e+00	660.97	3.508498e-07	4394	6.418e-02
135kHz_150dA_100Mss_Ni0257.txt	06/06/2024 11:04:16	1.1	420.59	20.21	57041.50	653.33	1.365498e+05	5.456426e+00	6.578104e+00	658.00	3.540589e-07	4394	6.326e-02
135kHz_150dA_100Mss_Ni0258.txt	06/06/2024 11:04:16	1.1	422.00	20.21	57041.50	643.02	1.365498e+05	5.507859e+00	6.578772e+00	665.66	3.549071e-07	4394	6.341e-02
135kHz_150dA_100Mss_Ni0259.txt	06/06/2024 11:04:17	1.2	419.34	20.36	57041.50	649.81	1.365498e+05	5.453361e+00	6.580585e+00	662.99	3.572156e-07	4394	6.289e-02
135kHz_150dA_100Mss_Ni0260.txt	06/06/2024 11:04:17	1.2	428.76	20.09	57041.50	641.24	1.365498e+05	5.517393e+00	6.574578e+00	657.62	3.495776e-07	4394	6.364e-02
135kHz_150dA_100Mss_Ni0261.txt	06/06/2024 11:04:18	1.3	429.57	20.25	57041.50	635.17	1.365498e+05	5.517395e+00	6.576609e+00	662.07	3.521555e-07	4394	6.345e-02
135kHz_150dA_100Mss_Ni0262.txt	06/06/2024 11:04:18	1.3	432.35	20.15	57041.50	638.67	1.365498e+05	5.525773e+00	6.574432e+00	658.30	3.493911e-07	4394	6.476e-02
135kHz_150dA_100Mss_Ni0263.txt	06/06/2024 11:04:19	1.5	425.50	20.14	57041.50	652.80	1.365498e+05	5.539878e+00	6.573490e+00	657.90	3.481935e-07	4394	6.379e-02
135kHz_150dA_100Mss_Ni0264.txt	06/06/2024 11:04:19	1.5	430.21	20.37	57041.50	637.00	1.365498e+05	5.488563e+00	6.577098e+00	659.68	3.527785e-07	4394	6.346e-02
135kHz_150dA_100Mss_Ni0265.txt	06/06/2024 11:04:20	1.6	431.42	20.22	57041.50	669.50	1.365498e+05	5.624765e+00	6.571761e+00	664.12	3.459992e-07	4394	6.408e-02
135kHz_150dA_100Mss_Ni0266.txt	06/06/2024 11:04:21	1.7	427.86	20.15	57041.50	648.75	1.365809e+05	5.592375e+00	6.574121e+00	665.69	3.489865e-07	4393	6.436e-02
135kHz_150dA_100Mss_Ni0267.txt	06/06/2024 11:04:21	1.7	428.46	20.20	57041.50	651.74	1.365498e+05	5.597697e+00	6.573685e+00	665.20	3.484341e-07	4394	6.425e-02
135kHz_150dA_100Mss_Ni0268.txt	06/06/2024 11:04:22	1.8	427.11	20.11	57041.50	644.99	1.365498e+05	5.560433e+00	6.573692e+00	660.79	3.484439e-07	4394	6.357e-02
135kHz_150dA_100Mss_Ni0269.txt	06/06/2024 11:04:22	1.8	427.48	20.19	57041.50	645.36	1.365498e+05	5.540991e+00	6.575820e+00	663.17	3.511468e-07	4394	6.361e-02
135kHz_150dA_100Mss_Ni0270.txt	06/06/2024 11:04:23	1.9	427.61	20.21	57041.50	660.99	1.365498e+05	5.598520e+00	6.570070e+00	657.25	3.438484e-07	4394	6.352e-02
135kHz_150dA_100Mss_Ni0271.txt	06/06/2024 11:04:23	1.9	429.53	20.12	57041.50	662.95	1.365498e+05	5.670677e+00	6.568082e+00	661.24	3.413337e-07	4394	6.343e-02
135kHz_150dA_100Mss_Ni0272.txt	06/06/2024 11:04:24	2.0	422.81	20.09	57041.50	671.10	1.365498e+05	5.633751e+00	6.569015e+00	659.02	3.425110e-07	4394	6.288e-02
135kHz_150dA_100Mss_Ni0273.txt	06/06/2024 11:04:24	2.0	434.82	20.28	57041.50	650.43	1.365498e+05	5.636657e+00	6.573562e+00	669.56	3.482757e-07	4394	6.369e-02
135kHz_150dA_100Mss_Ni0274.txt	06/06/2024 11:04:25	2.2	437.15	20.13	57041.50	658.11	1.365498e+05	5.631765e+00	6.573097e+00	667.94	3.476886e-07	4394	6.489e-02
135kHz_150dA_100Mss_Ni0275.txt	06/06/2024 11:04:26	2.3	424.44	20.16	57041.50	658.44	1.365809e+05	5.574542e+00	6.570226e+00	654.93	3.440442e-07	4393	6.399e-02
135kHz_150dA_100Mss_Ni0276.txt	06/06/2024 11:04:26	2.3	426.15	20.03	57041.50	677.12	1.365498e+05	5.732139e+00	6.567278e+00	666.57	3.403151e-07	4394	6.357e-02
135kHz_150dA_100Mss_Ni0277.txt	06/06/2024 11:04:27	2.4	427.85	20.16	57041.50	651.45	1.365498e+05	5.622375e+00	6.572078e+00	664.54	3.463943e-07	4394	6.341e-02
135kHz_150dA_100Mss_Ni0278.txt	06/06/2024 11:04:27	2.4	423.11	19.99	57041.50	679.20	1.365498e+05	5.736487e+00	6.566013e+00	664.18	3.387151e-07	4394	6.343e-02
135kHz_150dA_100Mss_Ni0279.txt	06/06/2024 11:04:28	2.6	435.30	20.31	57041.50	659.70	1.365498e+05	5.665646e+00	6.570951e+00	667.12	3.449643e-07	4394	6.378e-02
135kHz_150dA_100Mss_Ni0280.txt	06/06/2024 11:04:28	2.6	432.62	20.11	57041.50	665.63	1.365498e+05	5.690130e+00	6.568206e+00	663.79	3.414920e-07	4394	6.404e-02
135kHz_150dA_100Mss_Ni0281.txt	06/06/2024 11:04:29	2.8	426.96	19.91	57041.50	661.09	1.365498e+05	5.602344e+00	6.569202e+00	655.77	3.427600e-07	4394	6.483e-02
135kHz_150dA_100Mss_Ni0282.txt	06/06/2024 11:04:29	2.8	429.47	20.24	57041.50	656.21	1.365498e+05	5.618951e+00	6.572933e+00	666.05	3.474838e-07	4394	6.392e-02
135kHz_150dA_100Mss_Ni0283.txt	06/06/2024 11:04:30	2.8	426.58	19.97	57041.50	674.83	1.365809e+05	5.722593e+00	6.564596e+00	659.49	3.369272e-07	4393	6.423e-02
135kHz_150dA_100Mss_Ni0284.txt	06/06/2024 11:04:30	2.8	432.87	20.02	57041.50	669.93	1.365498e+05	5.764141e+00	6.565149e+00	665.40	3.376304e-07	4394	6.440e-02
135kHz_150dA_100Mss_Ni0285.txt	06/06/2024 11:04:31	3.0	429.13	20.13	57041.50	660.21	1.365498e+05	5.649583e+00	6.568295e+00	659.26	3.416044e-07	4394	6.471e-02
135kHz_150dA_100Mss_Ni0286.txt	06/06/2024 11:04:32	3.2	428.16	19.82	57041.50	683.04	1.365498e+05	5.754112e+00	6.562760e+00	658.76	3.346126e-07	4394	6.416e-02
135kHz_150dA_100Mss_Ni0287.txt	06/06/2024 11:04:32	3.2	431.84	20.01	57041.50	690.73	1.365498e+05	5.806670e+00	6.561279e+00	661.35	3.327450e-07	4394	6.420e-02
135kHz_150dA_100Mss_Ni0288.txt	06/06/2024 11:04:33	3.3	429.82	19.99	57041.50	669.21	1.365498e+05	5.780724e+00	6.564838e+00	666.60	3.372362e-07	4394	6.387e-02
135kHz_150dA_100Mss_Ni0289.txt	06/06/2024 11:04:33	3.3	426.05	20.00	57041.50	674.14	1.365498e+05	5.704408e+00	6.565373e+00	659.02	3.379123e-07	4394	6.357e-02
135kHz_150dA_100Mss_Ni0290.txt	06/06/2024 11:04:34	3.5	432.17	19.92	57041.50	682.84	1.365498e+05	5.805616e+00	6.561693e+00	662.19	3.332701e-07	4394	6.490e-02
135kHz_150dA_100Mss_Ni0291.txt	06/06/2024 11:04:34	3.5	433.23	20.15	57041.50	678.54	1.365498e+05	5.759510e+00	6.566147e+00	667.16	3.388869e-07	4394	6.407e-02
135kHz_150dA_100Mss_Ni0292.txt	06/06/2024 11:04:35	3.6	434.52	19.98	57041.50	693.84	1.365498e+05	5.844309e+00	6.561308e+00	665.71	3.327812e-07	4394	6.481e-02
135kHz_150dA_100Mss_Ni0293.txt	06/06/2024 11:04:35	3.6	434.72	19.89	57041.50	677.93	1.365498e+05	5.815059e+00	6.560178e+00	659.75	3.313587e-07	4394	6.454e-02
135kHz_150dA_100Mss_Ni0294.txt	06/06/2024 11:04:36	3.8	428.99	19.93	57041.50	687.44	1.365498e+05	5.856091e+00	6.559304e+00	662.36	3.302559e-07	4394	6.367e-02
135kHz_150dA_100Mss_Ni0295.txt	06/06/2024 11:04:36	3.8	430.30	19.74	57041.50	684.47	1.365498e+05	5.800440e+00	6.558621e+00	654.49	3.293997e-07	4394	6.557e-02
135kHz_150dA_100Mss_Ni0296.txt	06/06/2024 11:04:37	3.9	429.21	19.97	57041.50	668.67	1.365498e+05	5.780124e+00	6.563632e+00	663.75	3.357129e-07	4394	6.457e-02
135kHz_150dA_100Mss_Ni0297.txt	06/06/2024 11:04:38	4.0	425.06	19.73	57041.50	685.87	1.365498e+05	5.794271e+00	6.560568e+00	658.30	3.318553e-07	4394	6.465e-02
135kHz_150dA_100Mss_Ni0298.txt	06/06/2024 11:04:38	4.0	422.62	19.80	57041.50	692.69	1.365498e+05	5.742800e+00	6.560342e+00	651.93	3.315659e-07	4394	6.354e-02
135kHz_150dA_100Mss_Ni0299.txt	06/06/2024 11:04:39	4.1	432.10	20.06	57041.50	679.32	1.365498e+05	5.836014e+00	6.561842e+00	666.00	3.334541e-07	4394	6.368e-02
135kHz_150dA_100Mss_Ni0300.txt	06/06/2024 11:04:39	4.1	424.53	19.73	57041.50	669.89	1.365498e+05	5.720466e+00	6.561642e+00	652.36	3.332032e-07	4394	6.520e-02
135kHz_150dA_100Mss_Ni0301.txt	06/06/2024 11:04:40	4.3	430.19	19.98	57041.50	673.47	1.365498e+05	5.743125e+00	6.562816e+00	657.63	3.346817e-07	4394	6.389e-02
135kHz_150dA_100Mss_Ni0302.txt	06/06/2024 11:04:40	4.3	439.85	20.17	57041.50	680.11	1.365498e+05	5.790321e+00	6.564850e+00	667.73	3.372483e-07	4394	6.476e-02
135kHz_150dA_100Mss_Ni0303.txt	06/06/2024 11:04:41	4.4	431.91	19.78	57041.50	674.42	1.365498e+05	5.780224e+00	6.559899e+00	655.16	3.310092e-07	4394	6.595e-02
135kHz_150dA_100Mss_Ni0304.txt	06/06/2024 11:04:42	4.6	431.58	19.95	57041.50	688.50	1.365498e+05	5.859075e+00	6.558999e+00	661.99	3.298740e-07	4394	6.407e-02
135kHz_150dA_100Mss_Ni0305.txt	06/06/2024 11:04:42	4.6	431.62	20.00	57041.50	682.04	1.365498e+05	5.845498e+00	6.561522e+00	666.34	3.330485e-07	4394	6.418e-02
135kHz_150dA_100Mss_Ni0306.txt	06/06/2024 11:04:43	4.7	431.28	20.03	57041.50	684.03	1.365498e+05	5.883348e+00	6.560048e+00	667.19	3.311933e-07	4394	6.423e-02
135kHz_150dA_100Mss_Ni0307.txt	06/06/2024 11:04:43	4.7	435.86	20.01	57041.50	698.35	1.365498e+05	5.963972e+00	6.557145e+00	669.43	3.275410e-07	4394	6.450e-02
135kHz_150dA_100Mss_Ni0308.txt	06/06/2024 11:04:44	4.8	429.12	19.69	57041.50	691.94	1.365498e+05	5.911206e+00	6.552738e+00	653.09	3.220072e-07	4394	6.552e-02
135kHz_150dA_100Mss_Ni0309.txt	06/06/2024 11:04:44	4.8	426.28	19.65	57041.50	690.54	1.365498e+05	5.852695e+00	6.556820e+00	656.18	3.271274e-07	4394	6.445e-02
135kHz_150dA_100Mss_Ni0310.txt	06/06/2024 11:04:45	5.0	425.85	19.76	57041.50	685.55	1.365498e+05	5.835983e+00	6.559248e+00	659.96	3.301880e-07	4394	6.457e-02
135kHz_150dA_100Mss_Ni0311.txt	06/06/2024 11:04:45	5.0	427.78	19.63	57041.50	694.17	1.365498e+05	5.904266e+00	6.558663e+00	666.30	3.294506e-07	4394	6.537e-02
135kHz_150dA_100Mss_Ni0312.txt	06/06/2024 11:04:46	5.1	434.58	19.87	57041.50	690.05	1.365498e+05	5.867293e+00	6.558440e+00	661.61	3.291708e-07	4394	6.478e-02
135kHz_150dA_100Mss_Ni0313.txt	06/06/2024 11:04:46	5.1	426.62	19.74	57041.50	685.98	1.365498e+05	5.819464e+00	6.557528e+00	654.09	3.280215e-07	4394	6.542e-02
135kHz_150dA_100Mss_Ni0314.txt	06/06/2024 11:04:47	5.2	429.46	19.91	57041.50	689.74	1.365498e+05	5.868570e+00	6.557307e+00	659.10	3.277407e-07	4394	6.450e-02
135kHz_150dA_100Mss_Ni0315.txt	06/06/2024 11:04:47	5.2	435.73	19.88	57041.50	685.03	1.365498e+05	5.868357e+00	6.558101e+00	660.93	3.287454e-07	4394	6.564e-02
135kHz_150dA_100Mss_Ni0316.txt	06/06/2024 11:04:48	5.4	428.56	19.79	57041.50	694.74	1.365809e+05	5.902510e+00	6.555602e+00	659.04	3.256003e-07	4393	6.475e-02
135kHz_150dA_100Mss_Ni0317.txt	06/06/2024 11:04:49	5.5	429.21	19.70	57041.50	699.58	1.365498e+05	5.920254e+00	6.552971e+00	654.64	3.223023e-07	4394	6.504e-02
135kHz_150dA_100Mss_Ni0318.txt	06/06/2024 11:04:49	5.5	432.61	19.74	57041.50	698.58	1.365498e+05	5.966162e+00	6.554215e+00	662.69	3.238623e-07	4394	6.561e-02
135kHz_150dA_100Mss_Ni0319.txt	06/06/2024 11:04:50	5.7	430.29	19.85	57041.50	695.30	1.365498e+05	5.879197e+00	6.557440e+00	660.60	3.279114e-07	4394	6.479e-02
135kHz_150dA_100Mss_Ni0320.txt	06/06/2024 11:04:50	5.7	425.39	19.64	57041.50	705.93	1.365498e+05	5.925207e+00	6.554994e+00	659.98	3.248402e-07	4394	6.449e-02
135kHz_150dA_100Mss_Ni0321.txt	06/06/2024 11:04:51	5.8	433.41	19.74	57041.50	690.40	1.365498e+05	5.888542e+00	6.553307e+00	651.93	3.227210e-07	4394	6.581e-02
135kHz_150dA_100Mss_Ni0322.txt	06/06/2024 11:04:51	5.8	429.34	19.77	57041.50	711.05	1.365498e+05	5.930854e+00	6.553496e+00	657.06	3.229559e-07	4394	6.474e-02
135kHz_150dA_100Mss_Ni0323.txt	06/06/2024 11:04:52	5.9	430.96	19.99	57041.50	702.26	1.365498e+05	5.934541e+00	6.558219e+00	668.67	3.288882e-07	4394	6.414e-02
135kHz_150dA_100Mss_Ni0324.txt	06/06/2024 11:04:53	6.1	431.47	19.78	57041.50	695.86	1.365498e+05	5.941201e+00	6.554755e+00	661.20	3.245389e-07	4394	6.463e-02
135kHz_150dA_100Mss_Ni0325.txt	06/06/2024 11:04:53	6.1	428.31	19.67	57041.50	709.26	1.365498e+05	5.969856e+00	6.551452e+00	656.50	3.203911e-07	4394	6.559e-02
135kHz_150dA_100Mss_Ni0326.txt	06/06/2024 11:04:54	6.2	418.58	19.59	57041.50	716.57	1.365498e+05	5.960055e+00	6.551620e+00	655.82	3.206043e-07	4394	6.385e-02
135kHz_150dA_100Mss_Ni0327.txt	06/06/2024 11:04:54	6.2	425.87	19.51	57041.50	728.46	1.365498e+05	6.030291e+00	6.548870e+00	656.92	3.171637e-07	4394	6.440e-02
135kHz_150dA_100Mss_Ni0328.txt	06/06/2024 11:04:55	6.3	433.52	19.58	57041.50	707.23	1.365498e+05	5.958544e+00	6.549228e+00	649.95	3.176109e-07	4394	6.668e-02
135kHz_150dA_100Mss_Ni0329.txt	06/06/2024 11:04:55	6.3	433.99	19.76	57041.50	695.15	1.365498e+05	5.929561e+00	6.553577e+00	657.11	3.230613e-07	4394	6.678e-02
135kHz_150dA_100Mss_Ni0330.txt	06/06/2024 11:04:56	6.5	431.58	19.76	57041.50	698.50	1.365498e+05	5.954491e+00	6.553822e+00	660.46	3.233676e-07	4394	6.568e-02
135kHz_150dA_100Mss_Ni0331.txt	06/06/2024 11:04:56	6.5	430.55	19.75	57041.50	704.84	1.365498e+05	5.954227e+00	6.551133e+00	654.02	3.199933e-07	4394	6.528e-02
135kHz_150dA_100Mss_Ni0332.txt	06/06/2024 11:04:57	6.6	432.53	19.71	57041.50	716.18	1.365498e+05	6.036071e+00	6.546869e+00	652.71	3.146531e-07	4394	6.494e-02
135kHz_150dA_100Mss_Ni0333.txt	06/06/2024 11:04:57	6.6	429.43	19.62	57041.50	729.89	1.365498e+05	6.089109e+00	6.547133e+00	659.09	3.149855e-07	4394	6.468e-02
135kHz_150dA_100Mss_Ni0334.txt	06/06/2024 11:04:58	6.7	428.56	19.54	57041.50	725.89	1.365498e+05	6.105594e+00	6.547440e+00	661.62	3.153683e-07	4394	6.523e-02
135kHz_150dA_100Mss_Ni0335.txt	06/06/2024 11:04:58	6.7	436.15	19.78	57041.50	700.93	1.365498e+05	5.985630e+00	6.553101e+00	662.18	3.224593e-07	4394	6.559e-02
135kHz_150dA_100Mss_Ni0336.txt	06/06/2024 11:04:59	6.9	431.40	19.80	57041.50	686.42	1.365498e+05	5.896603e+00	6.555557e+00	658.12	3.255431e-07	4394	6.537e-02
135kHz_150dA_100Mss_Ni0337.txt	06/06/2024 11:05:00	7.0	431.19	19.54	57041.50	712.22	1.365498e+05	6.049386e+00	6.548583e+00	658.30	3.168021e-07	4394	6.599e-02
135kHz_150dA_100Mss_Ni0338.txt	06/06/2024 11:05:00	7.0	428.42	19.60	57041.50	719.54	1.365498e+05	6.043982e+00	6.548042e+00	656.40	3.161169e-07	4394	6.438e-02
135kHz_150dA_100Mss_Ni0339.txt	06/06/2024 11:05:01	7.2	432.43	19.70	57041.50	702.79	1.365498e+05	5.997259e+00	6.550869e+00	658.11	3.196635e-07	4394	6.589e-02
135kHz_150dA_100Mss_Ni0340.txt	06/06/2024 11:05:01	7.2	427.42	19.63	57041.50	722.96	1.365498e+05	6.039034e+00	6.548000e+00	655.76	3.160690e-07	4394	6.565e-02
135kHz_150dA_100Mss_Ni0341.txt	06/06/2024 11:05:02	7.3	429.44	19.65	57041.50	729.68	1.365498e+05	6.054381e+00	6.546001e+00	652.58	3.135694e-07	4394	6.520e-02
135kHz_150dA_100Mss_Ni0342.txt	06/06/2024 11:05:03	7.4	430.16	19.48	57041.50	717.69	1.365498e+05	6.030768e+00	6.547115e+00	652.73	3.149643e-07	4394	6.614e-02
135kHz_150dA_100Mss_Ni0343.txt	06/06/2024 11:05:03	7.4	428.77	19.65	57041.50	708.61	1.365809e+05	5.956180e+00	6.552150e+00	656.81	3.212662e-07	4393	6.515e-02
135kHz_150dA_100Mss_Ni0344.txt	06/06/2024 11:05:04	7.5	430.84	19.62	57041.50	703.07	1.365498e+05	6.008462e+00	6.549557e+00	656.19	3.180173e-07	4394	6.589e-02
135kHz_150dA_100Mss_Ni0345.txt	06/06/2024 11:05:04	7.5	427.53	19.69	57041.50	724.26	1.365498e+05	6.047919e+00	6.548310e+00	657.48	3.164582e-07	4394	6.480e-02
135kHz_150dA_100Mss_Ni0346.txt	06/06/2024 11:05:05	7.6	433.12	19.57	57041.50	713.96	1.365498e+05	6.037549e+00	6.546934e+00	653.02	3.147401e-07	4394	6.631e-02
135kHz_150dA_100Mss_Ni0347.txt	06/06/2024 11:05:05	7.6	430.31	19.67	57041.50	706.02	1.365498e+05	6.025436e+00	6.551299e+00	662.24	3.202028e-07	4394	6.511e-02
135kHz_150dA_100Mss_Ni0348.txt	06/06/2024 11:05:06	7.8	432.57	19.70	57041.50	704.35	1.365498e+05	6.025302e+00	6.549642e+00	658.23	3.181236e-07	4394	6.464e-02
135kHz_150dA_100Mss_Ni0349.txt	06/06/2024 11:05:06	7.8	427.46	19.55	57041.50	735.27	1.365498e+05	6.085484e+00	6.547509e+00	659.61	3.154549e-07	4394	6.587e-02
135kHz_150dA_100Mss_Ni0350.txt	06/06/2024 11:05:07	7.9	429.37	19.53	57041.50	718.60	1.365498e+05	6.075935e+00	6.547498e+00	658.55	3.154428e-07	4394	6.539e-02
135kHz_150dA_100Mss_Ni0351.txt	06/06/2024 11:05:07	7.9	432.08	19.63	57041.50	708.91	1.365498e+05	6.086726e+00	6.548418e+00	661.96	3.165940e-07	4394	6.576e-02
135kHz_150dA_100Mss_Ni0352.txt	06/06/2024 11:05:08	8.0	424.51	19.58	57041.50	737.34	1.365498e+05	6.073358e+00	6.546114e+00	654.90	3.137137e-07	4394	6.451e-02
135kHz_150dA_100Mss_Ni0353.txt	06/06/2024 11:05:08	8.0	431.04	19.67	57041.50	720.29	1.365498e+05	6.078374e+00	6.547977e+00	659.98	3.160410e-07	4394	6.514e-02
135kHz_150dA_100Mss_Ni0354.txt	06/06/2024 11:05:09	8.2	431.90	19.55	57041.50	724.63	1.365498e+05	6.099503e+00	6.547213e+00	660.41	3.150842e-07	4394	6.529e-02
135kHz_150dA_100Mss_Ni0355.txt	06/06/2024 11:05:09	8.2	425.83	19.53	57041.50	723.74	1.365498e+05	6.078728e+00	6.547853e+00	659.72	3.158871e-07	4394	6.581e-02
135kHz_150dA_100Mss_Ni0356.txt	06/06/2024 11:05:10	8.2	434.64	19.31	57041.50	725.76	1.365498e+05	6.183005e+00	6.542446e+00	657.64	3.091308e-07	4394	6.704e-02
135kHz_150dA_100Mss_Ni0357.txt	06/06/2024 11:05:10	8.2	433.53	19.61	57041.50	718.84	1.365498e+05	6.155596e+00	6.544045e+00	658.67	3.111256e-07	4394	6.498e-02
135kHz_150dA_100Mss_Ni0358.txt	06/06/2024 11:05:11	8.4	430.41	19.57	57041.50	738.74	1.365498e+05	6.180140e+00	6.543544e+00	660.05	3.105000e-07	4394	6.520e-02
135kHz_150dA_100Mss_Ni0359.txt	06/06/2024 11:05:11	8.4	433.68	19.57	57041.50	714.83	1.365498e+05	6.108345e+00	6.545742e+00	657.77	3.132452e-07	4394	6.645e-02
135kHz_150dA_100Mss_Ni0360.txt	06/06/2024 11:05:12	8.5	428.19	19.45	57041.50	722.09	1.365498e+05	6.095880e+00	6.545051e+00	654.74	3.123839e-07	4394	6.508e-02
135kHz_150dA_100Mss_Ni0361.txt	06/06/2024 11:05:13	8.7	433.21	19.55	57041.50	733.00	1.365498e+05	6.137721e+00	6.544750e+00	658.49	3.120077e-07	4394	6.570e-02
135kHz_150dA_100Mss_Ni0362.txt	06/06/2024 11:05:13	8.7	434.15	19.47	57041.50	725.42	1.365498e+05	6.140842e+00	6.544606e+00	658.47	3.118282e-07	4394	6.612e-02
135kHz_150dA_100Mss_Ni0363.txt	06/06/2024 11:05:14	8.8	432.98	19.44	57041.50	718.18	1.365498e+05	6.118100e+00	6.545115e+00	657.28	3.124655e-07	4394	6.610e-02
135kHz_150dA_100Mss_Ni0364.txt	06/06/2024 11:05:14	8.8	428.66	19.52	57041.50	729.82	1.365498e+05	6.115904e+00	6.544012e+00	654.34	3.110866e-07	4394	6.516e-02
135kHz_150dA_100Mss_Ni0365.txt	06/06/2024 11:05:15	9.0	428.63	19.49	57041.50	732.12	1.365498e+05	6.133532e+00	6.545078e+00	658.85	3.124159e-07	4394	6.645e-02
135kHz_150dA_100Mss_Ni0366.txt	06/06/2024 11:05:15	9.0	430.06	19.32	57041.50	730.92	1.365498e+05	6.208721e+00	6.541146e+00	657.13	3.075136e-07	4394	6.545e-02
135kHz_150dA_100Mss_Ni0367.txt	06/06/2024 11:05:16	9.1	431.54	19.33	57041.50	750.56	1.365498e+05	6.280758e+00	6.537952e+00	656.71	3.035290e-07	4394	6.627e-02
135kHz_150dA_100Mss_Ni0368.txt	06/06/2024 11:05:16	9.1	437.34	19.37	57041.50	732.19	1.365498e+05	6.211165e+00	6.540706e+00	656.30	3.069597e-07	4394	6.685e-02
135kHz_150dA_100Mss_Ni0369.txt	06/06/2024 11:05:17	9.3	429.16	19.39	57041.50	732.93	1.365498e+05	6.153773e+00	6.543000e+00	655.89	3.098219e-07	4394	6.708e-02
135kHz_150dA_100Mss_Ni0370.txt	06/06/2024 11:05:17	9.3	425.17	19.26	57041.50	753.78	1.365498e+05	6.197355e+00	6.538850e+00	650.22	3.046515e-07	4394	6.610e-02
135kHz_150dA_100Mss_Ni0371.txt	06/06/2024 11:05:18	9.4	427.64	19.35	57041.50	738.40	1.365498e+05	6.213854e+00	6.540001e+00	654.82	3.060843e-07	4394	6.522e-02
135kHz_150dA_100Mss_Ni0372.txt	06/06/2024 11:05:19	9.5	429.14	19.35	57041.50	739.50	1.365498e+05	6.254938e+00	6.539825e+00	658.71	3.058617e-07	4394	6.667e-02
135kHz_150dA_100Mss_Ni0373.txt	06/06/2024 11:05:19	9.5	432.89	19.54	57041.50	738.95	1.365498e+05	6.205000e+00	6.541361e+00	657.28	3.077774e-07	4394	6.637e-02
135kHz_150dA_100Mss_Ni0374.txt	06/06/2024 11:05:20	9.6	431.02	19.47	57041.50	736.83	1.365498e+05	6.197917e+00	6.541718e+00	657.41	3.082236e-07	4394	6.578e-02
135kHz_150dA_100Mss_Ni0375.txt	06/06/2024 11:05:20	9.6	426.77	19.33	57041.50	752.45	1.365498e+05	6.219723e+00	6.540872e+00	657.62	3.071724e-07	4394	6.600e-02
135kHz_150dA_100Mss_Ni0376.txt	06/06/2024 11:05:21	9.8	431.68	19.37	57041.50	735.51	1.365498e+05	6.227657e+00	6.540583e+00	657.73	3.068088e-07	4394	6.597e-02
135kHz_150dA_100Mss_Ni0377.txt	06/06/2024 11:05:21	9.8	422.15	19.25	57041.50	746.45	1.365498e+05	6.172164e+00	6.539136e+00	648.29	3.050066e-07	4394	6.632e-02
135kHz_150dA_100Mss_Ni0378.txt	06/06/2024 11:05:22	9.9	430.64	19.31	57041.50	732.99	1.365498e+05	6.198448e+00	6.537973e+00	648.15	3.035591e-07	4394	6.723e-02
135kHz_150dA_100Mss_Ni0379.txt	06/06/2024 11:05:22	9.9	430.83	19.45	57041.50	758.48	1.365498e+05	6.300784e+00	6.539313e+00	662.24	3.052225e-07	4394	6.634e-02
135kHz_150dA_100Mss_Ni0380.txt	06/06/2024 11:05:23	10.0	431.85	19.35	57041.50	752.44	1.365498e+05	6.311137e+00	6.538748e+00	661.90	3.045212e-07	4394	6.571e-02
135kHz_150dA_100Mss_Ni0381.txt	06/06/2024 11:05:24	10.2	431.62	19.27	57041.50	748.03	1.365498e+05	6.269788e+00	6.537194e+00	653.65	3.025891e-07	4394	6.588e-02
135kHz_150dA_100Mss_Ni0382.txt	06/06/2024 11:05:24	10.2	431.64	19.40	57041.50	749.64	1.365498e+05	6.236311e+00	6.541276e+00	660.38	3.076689e-07	4394	6.573e-02
135kHz_150dA_100Mss_Ni0383.txt	06/06/2024 11:05:25	10.3	437.91	19.58	57041.50	743.95	1.365498e+05	6.312069e+00	6.538148e+00	660.48	3.037697e-07	4394	6.518e-02
135kHz_150dA_100Mss_Ni0384.txt	06/06/2024 11:05:25	10.3	440.24	19.46	57041.50	749.33	1.365498e+05	6.306904e+00	6.538655e+00	661.22	3.044084e-07	4394	6.711e-02
135kHz_150dA_100Mss_Ni0385.txt	06/06/2024 11:05:26	10.4	434.32	19.46	57041.50	741.60	1.365498e+05	6.270357e+00	6.541289e+00	664.02	3.076882e-07	4394	6.584e-02
135kHz_150dA_100Mss_Ni0386.txt	06/06/2024 11:05:26	10.4	431.68	19.33	57041.50	755.41	1.365498e+05	6.332656e+00	6.536828e+00	659.28	3.021354e-07	4394	6.643e-02
135kHz_150dA_100Mss_Ni0387.txt	06/06/2024 11:05:27	10.5	437.33	19.37	57041.50	744.30	1.365498e+05	6.355211e+00	6.536765e+00	661.46	3.020561e-07	4394	6.657e-02
135kHz_150dA_100Mss_Ni0388.txt	06/06/2024 11:05:27	10.5	428.65	19.37	57041.50	736.93	1.365809e+05	6.193614e+00	6.539912e+00	652.62	3.059739e-07	4393	6.538e-02
135kHz_150dA_100Mss_Ni0389.txt	06/06/2024 11:05:28	10.7	433.34	19.30	57041.50	749.65	1.365498e+05	6.240341e+00	6.537358e+00	650.99	3.027939e-07	4394	6.666e-02
135kHz_150dA_100Mss_Ni0390.txt	06/06/2024 11:05:28	10.7	433.34	19.27	57041.50	754.56	1.365498e+05	6.334888e+00	6.536298e+00	658.16	3.014738e-07	4394	6.608e-02
135kHz_150dA_100Mss_Ni0391.txt	06/06/2024 11:05:29	10.8	429.94	19.35	57041.50	742.95	1.365498e+05	6.304365e+00	6.537573e+00	658.22	3.030590e-07	4394	6.612e-02
135kHz_150dA_100Mss_Ni0392.txt	06/06/2024 11:05:29	10.8	432.63	19.21	57041.50	759.82	1.365498e+05	6.383473e+00	6.534241e+00	657.93	2.989203e-07	4394	6.668e-02
135kHz_150dA_100Mss_Ni0393.txt	06/06/2024 11:05:30	10.9	434.09	19.07	57041.50	760.09	1.365498e+05	6.387674e+00	6.531536e+00	651.42	2.955664e-07	4394	6.716e-02
135kHz_150dA_100Mss_Ni0394.txt	06/06/2024 11:05:30	10.9	424.34	19.04	57041.50	766.84	1.365498e+05	6.325746e+00	6.535113e+00	654.20	3.000015e-07	4394	6.521e-02
135kHz_150dA_100Mss_Ni0395.txt	06/06/2024 11:05:31	11.1	433.87	19.14	57041.50	767.20	1.365498e+05	6.422376e+00	6.532193e+00	656.66	2.963786e-07	4394	6.577e-02
135kHz_150dA_100Mss_Ni0396.txt	06/06/2024 11:05:31	11.1	432.93	19.36	57041.50	760.58	1.365498e+05	6.368217e+00	6.535470e+00	659.51	3.004467e-07	4394	6.511e-02
135kHz_150dA_100Mss_Ni0397.txt	06/06/2024 11:05:32	11.2	433.04	19.35	57041.50	734.67	1.365498e+05	6.267619e+00	6.538976e+00	657.91	3.048061e-07	4394	6.724e-02
135kHz_150dA_100Mss_Ni0398.txt	06/06/2024 11:05:32	11.2	433.60	19.39	57041.50	740.57	1.365498e+05	6.273624e+00	6.537013e+00	653.60	3.023648e-07	4394	6.580e-02
135kHz_150dA_100Mss_Ni0399.txt	06/06/2024 11:05:33	11.3	434.83	19.12	57041.50	773.49	1.365498e+05	6.421698e+00	6.531209e+00	654.04	2.951557e-07	4394	6.655e-02
135kHz_150dA_100Mss_Ni0400.txt	06/06/2024 11:05:34	11.5	426.34	19.10	57041.50	780.91	1.365498e+05	6.433806e+00	6.531839e+00	656.91	2.959367e-07	4394	6.620e-02
135kHz_150dA_100Mss_Ni0401.txt	06/06/2024 11:05:34	11.5	434.90	19.26	57041.50	776.09	1.365498e+05	6.446938e+00	6.531715e+00	657.93	2.957837e-07	4394	6.616e-02
135kHz_150dA_100Mss_Ni0402.txt	06/06/2024 11:05:35	11.6	436.33	19.35	57041.50	765.32	1.365498e+05	6.402267e+00	6.536351e+00	665.30	3.015372e-07	4394	6.687e-02
135kHz_150dA_100Mss_Ni0403.txt	06/06/2024 11:05:35	11.6	432.67	19.25	57041.50	749.94	1.365498e+05	6.358585e+00	6.534922e+00	657.11	2.997663e-07	4394	6.589e-02
135kHz_150dA_100Mss_Ni0404.txt	06/06/2024 11:05:36	11.8	431.57	19.20	57041.50	758.91	1.365498e+05	6.341160e+00	6.534043e+00	653.07	2.986755e-07	4394	6.648e-02
135kHz_150dA_100Mss_Ni0405.txt	06/06/2024 11:05:36	11.8	433.51	19.30	57041.50	752.68	1.365498e+05	6.353414e+00	6.533474e+00	652.87	2.979643e-07	4394	6.595e-02
135kHz_150dA_100Mss_Ni0406.txt	06/06/2024 11:05:37	11.9	434.12	19.45	57041.50	766.54	1.365498e+05	6.369500e+00	6.534874e+00	658.11	2.997042e-07	4394	6.589e-02
135kHz_150dA_100Mss_Ni0407.txt	06/06/2024 11:05:37	11.9	429.19	19.06	57041.50	782.81	1.365498e+05	6.432123e+00	6.532077e+00	657.35	2.962339e-07	4394	6.502e-02
135kHz_150dA_100Mss_Ni0408.txt	06/06/2024 11:05:38	12.1	430.42	19.26	57041.50	756.61	1.365498e+05	6.359822e+00	6.534089e+00	655.11	2.987326e-07	4394	6.518e-02
135kHz_150dA_100Mss_Ni0409.txt	06/06/2024 11:05:39	12.1	433.57	19.21	57041.50	756.92	1.365498e+05	6.391105e+00	6.532296e+00	653.72	2.965058e-07	4394	6.570e-02
135kHz_150dA_100Mss_Ni0410.txt	06/06/2024 11:05:39	12.1	433.37	19.30	57041.50	755.24	1.365498e+05	6.385004e+00	6.534278e+00	658.19	2.989656e-07	4394	6.663e-02
135kHz_150dA_100Mss_Ni0411.txt	06/06/2024 11:05:40	12.3	431.51	19.41	57041.50	740.32	1.365498e+05	6.328204e+00	6.538621e+00	663.37	3.043621e-07	4394	6.514e-02
135kHz_150dA_100Mss_Ni0412.txt	06/06/2024 11:05:40	12.3	434.30	19.17	57041.50	783.40	1.365498e+05	6.483201e+00	6.529235e+00	655.16	2.927079e-07	4394	6.480e-02
135kHz_150dA_100Mss_Ni0413.txt	06/06/2024 11:05:41	12.4	430.69	19.12	57041.50	789.33	1.365498e+05	6.503122e+00	6.530824e+00	661.33	2.946796e-07	4394	6.562e-02
135kHz_150dA_100Mss_Ni0414.txt	06/06/2024 11:05:41	12.4	432.67	19.29	57041.50	762.71	1.365498e+05	6.399075e+00	6.534575e+00	660.40	2.993345e-07	4394	6.591e-02
135kHz_150dA_100Mss_Ni0415.txt	06/06/2024 11:05:42	12.5	431.43	19.21	57041.50	781.65	1.365498e+05	6.457429e+00	6.530672e+00	656.29	2.944896e-07	4394	6.631e-02
135kHz_150dA_100Mss_Ni0416.txt	06/06/2024 11:05:42	12.5	434.44	19.28	57041.50	762.72	1.365498e+05	6.468996e+00	6.533678e+00	665.28	2.982238e-07	4394	6.623e-02
135kHz_150dA_100Mss_Ni0417.txt	06/06/2024 11:05:43	12.6	433.48	19.07	57041.50	780.88	1.365498e+05	6.569623e+00	6.527999e+00	660.63	2.911796e-07	4394	6.616e-02
135kHz_150dA_100Mss_Ni0418.txt	06/06/2024 11:05:44	12.7	434.32	19.29	57041.50	763.95	1.365498e+05	6.421553e+00	6.532626e+00	657.69	2.969110e-07	4394	6.526e-02
135kHz_150dA_100Mss_Ni0419.txt	06/06/2024 11:05:44	12.7	432.06	19.12	57041.50	784.05	1.365498e+05	6.511935e+00	6.530242e+00	660.70	2.939572e-07	4394	6.534e-02
135kHz_150dA_100Mss_Ni0420.txt	06/06/2024 11:05:45	12.8	437.48	19.37	57041.50	765.99	1.365498e+05	6.484366e+00	6.532240e+00	663.11	2.964336e-07	4394	6.495e-02
135kHz_150dA_100Mss_Ni0421.txt	06/06/2024 11:05:45	12.8	438.60	19.19	57041.50	772.08	1.365498e+05	6.541893e+00	6.527777e+00	657.25	2.909059e-07	4394	6.713e-02
135kHz_150dA_100Mss_Ni0422.txt	06/06/2024 11:05:46	12.9	437.48	19.20	57041.50	761.55	1.365498e+05	6.460405e+00	6.528990e+00	652.22	2.924088e-07	4394	6.657e-02
135kHz_150dA_100Mss_Ni0423.txt	06/06/2024 11:05:46	12.9	436.72	18.99	57041.50	789.36	1.365498e+05	6.578510e+00	6.526741e+00	658.19	2.896240e-07	4394	6.637e-02
135kHz_150dA_100Mss_Ni0424.txt	06/06/2024 11:05:47	13.1	436.19	19.20	57041.50	775.84	1.365498e+05	6.555215e+00	6.530640e+00	666.14	2.944495e-07	4394	6.594e-02
135kHz_150dA_100Mss_Ni0425.txt	06/06/2024 11:05:47	13.1	427.94	19.09	57041.50	779.14	1.365498e+05	6.500868e+00	6.526999e+00	651.10	2.899416e-07	4394	6.513e-02
135kHz_150dA_100Mss_Ni0426.txt	06/06/2024 11:05:48	13.2	435.66	19.18	57041.50	785.04	1.365498e+05	6.503556e+00	6.529338e+00	657.49	2.928380e-07	4394	6.634e-02
135kHz_150dA_100Mss_Ni0427.txt	06/06/2024 11:05:48	13.2	427.56	18.92	57041.50	785.41	1.365498e+05	6.525984e+00	6.527271e+00	654.32	2.902765e-07	4394	6.598e-02
135kHz_150dA_100Mss_Ni0428.txt	06/06/2024 11:05:49	13.3	432.91	18.99	57041.50	790.25	1.365498e+05	6.629629e+00	6.527260e+00	664.69	2.902650e-07	4394	6.534e-02
135kHz_150dA_100Mss_Ni0429.txt	06/06/2024 11:05:49	13.3	434.49	19.15	57041.50	767.80	1.365498e+05	6.501368e+00	6.530592e+00	660.54	2.943906e-07	4394	6.653e-02
135kHz_150dA_100Mss_Ni0430.txt	06/06/2024 11:05:50	13.4	437.97	19.05	57041.50	787.81	1.365498e+05	6.612012e+00	6.524787e+00	656.34	2.872065e-07	4394	6.754e-02
135kHz_150dA_100Mss_Ni0431.txt	06/06/2024 11:05:50	13.4	433.53	19.19	57041.50	778.77	1.365498e+05	6.525004e+00	6.527515e+00	654.87	2.905813e-07	4394	6.511e-02
135kHz_150dA_100Mss_Ni0432.txt	06/06/2024 11:05:51	13.5	436.11	19.05	57041.50	776.77	1.365498e+05	6.549058e+00	6.527361e+00	656.87	2.903906e-07	4394	6.697e-02
135kHz_150dA_100Mss_Ni0433.txt	06/06/2024 11:05:51	13.5	437.36	19.00	57041.50	799.78	1.365498e+05	6.647428e+00	6.523965e+00	657.65	2.861837e-07	4394	6.567e-02
135kHz_150dA_100Mss_Ni0434.txt	06/06/2024 11:05:52	13.7	434.75	19.13	57041.50	789.33	1.365498e+05	6.607745e+00	6.527187e+00	662.30	2.901718e-07	4394	6.581e-02
135kHz_150dA_100Mss_Ni0435.txt	06/06/2024 11:05:52	13.7	426.79	18.78	57041.50	789.65	1.365498e+05	6.584028e+00	6.525534e+00	655.54	2.881310e-07	4394	6.507e-02
135kHz_150dA_100Mss_Ni0436.txt	06/06/2024 11:05:53	13.8	432.49	19.23	57041.50	772.72	1.365498e+05	6.506448e+00	6.528423e+00	655.38	2.917038e-07	4394	6.487e-02
135kHz_150dA_100Mss_Ni0437.txt	06/06/2024 11:05:54	13.8	434.69	19.20	57041.50	787.41	1.365498e+05	6.600190e+00	6.526502e+00	659.72	2.893204e-07	4394	6.617e-02
135kHz_150dA_100Mss_Ni0438.txt	06/06/2024 11:05:55	14.0	431.14	18.86	57041.50	802.60	1.365498e+05	6.636339e+00	6.522940e+00	653.81	2.849238e-07	4394	6.536e-02
135kHz_150dA_100Mss_Ni0439.txt	06/06/2024 11:05:55	14.0	435.53	19.04	57041.50	806.44	1.365498e+05	6.618231e+00	6.522218e+00	650.10	2.840276e-07	4394	6.564e-02
135kHz_150dA_100Mss_Ni0440.txt	06/06/2024 11:05:56	14.1	439.73	18.96	57041.50	802.13	1.365498e+05	6.747032e+00	6.519906e+00	656.47	2.811789e-07	4394	6.560e-02
135kHz_150dA_100Mss_Ni0441.txt	06/06/2024 11:05:56	14.1	436.40	19.08	57041.50	807.07	1.365498e+05	6.723105e+00	6.523326e+00	663.41	2.853986e-07	4394	6.474e-02
135kHz_150dA_100Mss_Ni0442.txt	06/06/2024 11:05:57	14.2	434.70	19.01	57041.50	782.38	1.365498e+05	6.588990e+00	6.527661e+00	661.68	2.907593e-07	4394	6.687e-02
135kHz_150dA_100Mss_Ni0443.txt	06/06/2024 11:05:57	14.2	435.79	18.97	57041.50	793.32	1.365498e+05	6.716727e+00	6.521881e+00	658.86	2.836118e-07	4394	6.530e-02
135kHz_150dA_100Mss_Ni0444.txt	06/06/2024 11:05:58	14.3	432.93	18.89	57041.50	787.99	1.365498e+05	6.629614e+00	6.523194e+00	653.83	2.852346e-07	4394	6.667e-02
135kHz_150dA_100Mss_Ni0445.txt	06/06/2024 11:05:58	14.3	439.08	18.99	57041.50	803.45	1.365498e+05	6.702054e+00	6.520539e+00	653.80	2.819587e-07	4394	6.717e-02
135kHz_150dA_100Mss_Ni0446.txt	06/06/2024 11:05:59	14.5	437.56	18.92	57041.50	807.61	1.365498e+05	6.727657e+00	6.519051e+00	652.26	2.801180e-07	4394	6.691e-02
135kHz_150dA_100Mss_Ni0447.txt	06/06/2024 11:05:59	14.5	437.17	18.95	57041.50	799.07	1.365498e+05	6.685787e+00	6.521693e+00	655.32	2.833815e-07	4394	6.613e-02
135kHz_150dA_100Mss_Ni0448.txt	06/06/2024 11:06:00	14.6	440.38	19.07	57041.50	818.46	1.365498e+05	6.733811e+00	6.522881e+00	663.26	2.848476e-07	4394	6.734e-02
135kHz_150dA_100Mss_Ni0449.txt	06/06/2024 11:06:00	14.6	439.29	19.00	57041.50	805.04	1.365498e+05	6.702949e+00	6.520806e+00	654.61	2.822880e-07	4394	6.633e-02
135kHz_150dA_100Mss_Ni0450.txt	06/06/2024 11:06:01	14.7	433.68	19.02	57041.50	798.82	1.365498e+05	6.664896e+00	6.523670e+00	658.59	2.858235e-07	4394	6.610e-02
135kHz_150dA_100Mss_Ni0451.txt	06/06/2024 11:06:01	14.7	438.65	19.08	57041.50	787.21	1.365498e+05	6.637377e+00	6.524881e+00	659.10	2.873199e-07	4394	6.627e-02
135kHz_150dA_100Mss_Ni0452.txt	06/06/2024 11:06:02	14.7	435.97	18.91	57041.50	790.72	1.365498e+05	6.666928e+00	6.521728e+00	653.57	2.834254e-07	4394	6.620e-02
135kHz_150dA_100Mss_Ni0453.txt	06/06/2024 11:06:02	14.7	434.86	18.86	57041.50	813.67	1.365498e+05	6.727582e+00	6.519723e+00	654.08	2.809533e-07	4394	6.598e-02
135kHz_150dA_100Mss_Ni0454.txt	06/06/2024 11:06:03	14.9	439.84	19.12	57041.50	794.47	1.365498e+05	6.681650e+00	6.524937e+00	663.65	2.873919e-07	4394	6.613e-02
135kHz_150dA_100Mss_Ni0455.txt	06/06/2024 11:06:03	14.9	441.03	18.84	57041.50	808.18	1.365498e+05	6.812116e+00	6.517410e+00	655.94	2.781021e-07	4394	6.740e-02
135kHz_150dA_100Mss_Ni0456.txt	06/06/2024 11:06:05	15.1	436.94	19.00	57041.50	799.58	1.365498e+05	6.716235e+00	6.521726e+00	658.40	2.834229e-07	4394	6.604e-02
135kHz_150dA_100Mss_Ni0457.txt	06/06/2024 11:06:05	15.1	433.64	18.88	57041.50	822.41	1.365498e+05	6.779108e+00	6.519382e+00	658.15	2.805313e-07	4394	6.472e-02
135kHz_150dA_100Mss_Ni0458.txt	06/06/2024 11:06:06	15.2	428.37	18.93	57041.50	810.43	1.365498e+05	6.701060e+00	6.523003e+00	660.36	2.849985e-07	4394	6.542e-02
135kHz_150dA_100Mss_Ni0459.txt	06/06/2024 11:06:06	15.2	433.46	18.89	57041.50	816.32	1.365498e+05	6.758667e+00	6.520113e+00	658.16	2.814340e-07	4394	6.563e-02
135kHz_150dA_100Mss_Ni0460.txt	06/06/2024 11:06:07	15.3	431.37	18.88	57041.50	805.74	1.365498e+05	6.721636e+00	6.522635e+00	661.39	2.845466e-07	4394	6.446e-02
135kHz_150dA_100Mss_Ni0461.txt	06/06/2024 11:06:07	15.3	432.78	18.84	57041.50	811.93	1.365498e+05	6.774648e+00	6.519915e+00	659.18	2.811888e-07	4394	6.583e-02
135kHz_150dA_100Mss_Ni0462.txt	06/06/2024 11:06:08	15.4	432.04	18.76	57041.50	811.07	1.365498e+05	6.786496e+00	6.518537e+00	656.56	2.794937e-07	4394	6.474e-02
135kHz_150dA_100Mss_Ni0463.txt	06/06/2024 11:06:08	15.4	435.68	18.82	57041.50	822.66	1.365498e+05	6.845416e+00	6.517477e+00	659.33	2.781884e-07	4394	6.504e-02
135kHz_150dA_100Mss_Ni0464.txt	06/06/2024 11:06:09	15.5	435.58	18.92	57041.50	811.29	1.365498e+05	6.783617e+00	6.519228e+00	658.17	2.803403e-07	4394	6.531e-02
135kHz_150dA_100Mss_Ni0465.txt	06/06/2024 11:06:09	15.5	435.21	18.97	57041.50	814.25	1.365498e+05	6.781180e+00	6.519180e+00	657.80	2.802815e-07	4394	6.451e-02
135kHz_150dA_100Mss_Ni0466.txt	06/06/2024 11:06:10	15.6	437.68	18.86	57041.50	816.88	1.365498e+05	6.789415e+00	6.518800e+00	657.56	2.798145e-07	4394	6.659e-02
135kHz_150dA_100Mss_Ni0467.txt	06/06/2024 11:06:10	15.6	441.85	18.97	57041.50	809.41	1.365498e+05	6.769254e+00	6.519888e+00	658.58	2.811554e-07	4394	6.637e-02
135kHz_150dA_100Mss_Ni0468.txt	06/06/2024 11:06:11	15.7	435.54	18.93	57041.50	813.54	1.365498e+05	6.829794e+00	6.518800e+00	661.47	2.798140e-07	4394	6.605e-02
135kHz_150dA_100Mss_Ni0469.txt	06/06/2024 11:06:11	15.7	431.63	18.66	57041.50	842.61	1.365498e+05	6.815725e+00	6.518979e+00	660.60	2.800348e-07	4394	6.684e-02
135kHz_150dA_100Mss_Ni0470.txt	06/06/2024 11:06:12	15.8	433.94	18.80	57041.50	822.35	1.365498e+05	6.795730e+00	6.517522e+00	654.67	2.782373e-07	4394	6.461e-02
135kHz_150dA_100Mss_Ni0471.txt	06/06/2024 11:06:12	15.8	438.56	18.81	57041.50	819.31	1.365498e+05	6.851546e+00	6.517857e+00	660.97	2.786498e-07	4394	6.659e-02
135kHz_150dA_100Mss_Ni0472.txt	06/06/2024 11:06:13	15.9	431.74	18.83	57041.50	817.52	1.365498e+05	6.744372e+00	6.518519e+00	652.43	2.794631e-07	4394	6.472e-02
135kHz_150dA_100Mss_Ni0473.txt	06/06/2024 11:06:13	15.9	436.02	18.77	57041.50	815.94	1.365498e+05	6.798519e+00	6.519460e+00	660.25	2.806264e-07	4394	6.598e-02
135kHz_150dA_100Mss_Ni0474.txt	06/06/2024 11:06:14	15.9	436.19	18.83	57041.50	835.50	1.365498e+05	6.910379e+00	6.516437e+00	662.69	2.768983e-07	4394	6.446e-02
135kHz_150dA_100Mss_Ni0475.txt	06/06/2024 11:06:15	16.0	436.62	18.66	57041.50	823.61	1.365498e+05	6.925923e+00	6.515180e+00	660.66	2.753518e-07	4394	6.625e-02
135kHz_150dA_100Mss_Ni0476.txt	06/06/2024 11:06:15	16.0	433.36	18.76	57041.50	829.78	1.365498e+05	6.877800e+00	6.514430e+00	653.99	2.744275e-07	4394	6.450e-02
135kHz_150dA_100Mss_Ni0477.txt	06/06/2024 11:06:16	16.1	434.03	18.73	57041.50	833.00	1.365498e+05	6.873635e+00	6.516299e+00	658.78	2.767264e-07	4394	6.612e-02
135kHz_150dA_100Mss_Ni0478.txt	06/06/2024 11:06:16	16.1	435.49	18.66	57041.50	831.06	1.365498e+05	6.883188e+00	6.514574e+00	654.90	2.746050e-07	4394	6.592e-02
135kHz_150dA_100Mss_Ni0479.txt	06/06/2024 11:06:17	16.3	439.86	18.77	57041.50	824.12	1.365498e+05	6.910235e+00	6.515254e+00	659.37	2.754403e-07	4394	6.581e-02
135kHz_150dA_100Mss_Ni0480.txt	06/06/2024 11:06:17	16.3	433.54	18.70	57041.50	820.26	1.365498e+05	6.808382e+00	6.516237e+00	652.36	2.766590e-07	4394	6.631e-02
135kHz_150dA_100Mss_Ni0481.txt	06/06/2024 11:06:18	16.3	437.02	18.76	57041.50	831.83	1.365498e+05	6.952456e+00	6.514164e+00	660.34	2.741041e-07	4394	6.530e-02
135kHz_150dA_100Mss_Ni0482.txt	06/06/2024 11:06:18	16.3	432.52	18.59	57041.50	841.98	1.365498e+05	6.943451e+00	6.513936e+00	658.84	2.738209e-07	4394	6.606e-02
135kHz_150dA_100Mss_Ni0483.txt	06/06/2024 11:06:19	16.4	432.56	18.67	57041.50	831.02	1.365498e+05	6.921012e+00	6.514645e+00	658.70	2.746943e-07	4394	6.481e-02
135kHz_150dA_100Mss_Ni0484.txt	06/06/2024 11:06:19	16.4	440.42	18.91	57041.50	825.89	1.365498e+05	6.898219e+00	6.515516e+00	658.95	2.757680e-07	4394	6.572e-02
135kHz_150dA_100Mss_Ni0485.txt	06/06/2024 11:06:20	16.5	442.39	18.70	57041.50	829.71	1.365498e+05	6.944405e+00	6.511868e+00	653.14	2.712838e-07	4394	6.630e-02
135kHz_150dA_100Mss_Ni0486.txt	06/06/2024 11:06:20	16.5	436.52	18.51	57041.50	855.47	1.365498e+05	7.041169e+00	6.510135e+00	657.30	2.691545e-07	4394	6.657e-02
135kHz_150dA_100Mss_Ni0487.txt	06/06/2024 11:06:21	16.6	432.53	18.67	57041.50	844.35	1.365498e+05	6.997103e+00	6.512180e+00	658.97	2.716642e-07	4394	6.356e-02
135kHz_150dA_100Mss_Ni0488.txt	06/06/2024 11:06:21	16.6	436.55	18.77	57041.50	839.62	1.365498e+05	6.919387e+00	6.513776e+00	656.12	2.736258e-07	4394	6.519e-02
135kHz_150dA_100Mss_Ni0489.txt	06/06/2024 11:06:22	16.7	430.61	18.57	57041.50	857.64	1.365498e+05	7.047360e+00	6.511044e+00	660.47	2.702669e-07	4394	6.346e-02
135kHz_150dA_100Mss_Ni0490.txt	06/06/2024 11:06:23	16.8	437.72	18.55	57041.50	858.20	1.365809e+05	7.075056e+00	6.510368e+00	661.28	2.694347e-07	4393	6.638e-02
135kHz_150dA_100Mss_Ni0491.txt	06/06/2024 11:06:23	16.8	435.92	18.66	57041.50	847.02	1.365809e+05	6.927072e+00	6.514079e+00	657.84	2.740014e-07	4393	6.584e-02
135kHz_150dA_100Mss_Ni0492.txt	06/06/2024 11:06:24	16.9	430.17	18.63	57041.50	839.73	1.365498e+05	6.924808e+00	6.512739e+00	653.73	2.723499e-07	4394	6.427e-02
135kHz_150dA_100Mss_Ni0493.txt	06/06/2024 11:06:24	16.9	432.69	18.59	57041.50	842.95	1.365498e+05	6.946771e+00	6.513437e+00	657.76	2.732106e-07	4394	6.434e-02
135kHz_150dA_100Mss_Ni0494.txt	06/06/2024 11:06:25	17.0	433.30	18.59	57041.50	841.78	1.365498e+05	7.023843e+00	6.510958e+00	658.02	2.701639e-07	4394	6.470e-02
135kHz_150dA_100Mss_Ni0495.txt	06/06/2024 11:06:26	17.0	441.06	18.68	57041.50	829.61	1.365498e+05	6.965742e+00	6.510825e+00	652.21	2.700032e-07	4394	6.726e-02
135kHz_150dA_100Mss_Ni0496.txt	06/06/2024 11:06:26	17.0	434.14	18.64	57041.50	856.24	1.365498e+05	7.038998e+00	6.513097e+00	665.53	2.727940e-07	4394	6.389e-02
135kHz_150dA_100Mss_Ni0497.txt	06/06/2024 11:06:27	17.1	434.15	18.53	57041.50	838.48	1.365498e+05	6.986668e+00	6.509831e+00	651.36	2.687818e-07	4394	6.638e-02
135kHz_150dA_100Mss_Ni0498.txt	06/06/2024 11:06:27	17.1	433.67	18.62	57041.50	843.85	1.365498e+05	6.979272e+00	6.511534e+00	655.47	2.708717e-07	4394	6.621e-02
135kHz_150dA_100Mss_Ni0499.txt	06/06/2024 11:06:28	17.2	443.03	18.77	57041.50	857.70	1.365498e+05	7.038073e+00	6.512455e+00	663.61	2.720039e-07	4394	6.516e-02
135kHz_150dA_100Mss_Ni0500.txt	06/06/2024 11:06:28	17.2	440.60	18.62	57041.50	850.15	1.365498e+05	7.086765e+00	6.510471e+00	662.52	2.695656e-07	4394	6.592e-02
135kHz_150dA_100Mss_Ni0501.txt	06/06/2024 11:06:29	17.3	438.30	18.56	57041.50	848.64	1.365498e+05	7.061635e+00	6.510947e+00	661.53	2.701464e-07	4394	6.495e-02
135kHz_150dA_100Mss_Ni0502.txt	06/06/2024 11:06:29	17.3	438.03	18.60	57041.50	842.55	1.365498e+05	6.990302e+00	6.512912e+00	660.40	2.725659e-07	4394	6.670e-02
135kHz_150dA_100Mss_Ni0503.txt	06/06/2024 11:06:30	17.4	429.11	18.64	57041.50	846.74	1.365498e+05	6.935277e+00	6.513419e+00	656.62	2.731884e-07	4394	6.562e-02
135kHz_150dA_100Mss_Ni0504.txt	06/06/2024 11:06:30	17.4	434.87	18.60	57041.50	834.84	1.365498e+05	6.959279e+00	6.509096e+00	646.73	2.678796e-07	4394	6.654e-02
135kHz_150dA_100Mss_Ni0505.txt	06/06/2024 11:06:31	17.5	437.11	18.53	57041.50	848.17	1.365498e+05	7.116422e+00	6.506423e+00	653.65	2.646035e-07	4394	6.582e-02
135kHz_150dA_100Mss_Ni0506.txt	06/06/2024 11:06:31	17.5	435.61	18.58	57041.50	842.15	1.365498e+05	7.023943e+00	6.508307e+00	650.50	2.669143e-07	4394	6.542e-02
135kHz_150dA_100Mss_Ni0507.txt	06/06/2024 11:06:32	17.6	433.75	18.55	57041.50	846.66	1.365498e+05	7.054240e+00	6.509135e+00	655.67	2.679285e-07	4394	6.396e-02
135kHz_150dA_100Mss_Ni0508.txt	06/06/2024 11:06:32	17.6	437.59	18.59	57041.50	860.67	1.365498e+05	7.131404e+00	6.509056e+00	662.62	2.678290e-07	4394	6.602e-02
135kHz_150dA_100Mss_Ni0509.txt	06/06/2024 11:06:33	17.7	437.65	18.63	57041.50	845.01	1.365498e+05	7.035144e+00	6.510054e+00	656.51	2.690531e-07	4394	6.596e-02
135kHz_150dA_100Mss_Ni0510.txt	06/06/2024 11:06:33	17.7	436.91	18.61	57041.50	857.84	1.365498e+05	7.116789e+00	6.510049e+00	664.12	2.690504e-07	4394	6.539e-02
135kHz_150dA_100Mss_Ni0511.txt	06/06/2024 11:06:34	17.8	440.93	18.67	57041.50	845.89	1.365498e+05	7.015858e+00	6.509740e+00	653.82	2.686705e-07	4394	6.540e-02
135kHz_150dA_100Mss_Ni0512.txt	06/06/2024 11:06:34	17.8	430.18	18.56	57041.50	865.12	1.365498e+05	6.996360e+00	6.509968e+00	652.65	2.689519e-07	4394	6.543e-02
135kHz_150dA_100Mss_Ni0513.txt	06/06/2024 11:06:36	18.0	442.78	18.65	57041.50	842.52	1.365498e+05	7.062195e+00	6.508976e+00	655.96	2.677327e-07	4394	6.599e-02
135kHz_150dA_100Mss_Ni0514.txt	06/06/2024 11:06:36	18.0	436.84	18.62	57041.50	845.37	1.365498e+05	7.037243e+00	6.509867e+00	656.18	2.688266e-07	4394	6.481e-02
135kHz_150dA_100Mss_Ni0515.txt	06/06/2024 11:06:37	18.1	433.33	18.59	57041.50	850.75	1.365498e+05	7.029453e+00	6.510597e+00	657.52	2.697221e-07	4394	6.542e-02
135kHz_150dA_100Mss_Ni0516.txt	06/06/2024 11:06:37	18.1	438.24	18.60	57041.50	847.66	1.365498e+05	7.110985e+00	6.508920e+00	660.33	2.676653e-07	4394	6.561e-02
135kHz_150dA_100Mss_Ni0517.txt	06/06/2024 11:06:38	18.2	436.05	18.57	57041.50	848.22	1.365498e+05	7.085080e+00	6.510493e+00	662.43	2.695958e-07	4394	6.592e-02
135kHz_150dA_100Mss_Ni0518.txt	06/06/2024 11:06:38	18.2	430.35	18.52	57041.50	844.02	1.365498e+05	7.012659e+00	6.509620e+00	653.18	2.685240e-07	4394	6.546e-02
135kHz_150dA_100Mss_Ni0519.txt	06/06/2024 11:06:39	18.3	435.50	18.42	57041.50	862.40	1.365498e+05	7.111502e+00	6.505416e+00	650.30	2.633727e-07	4394	6.463e-02
135kHz_150dA_100Mss_Ni0520.txt	06/06/2024 11:06:39	18.3	434.02	18.50	57041.50	863.57	1.365498e+05	7.079384e+00	6.508397e+00	655.90	2.670246e-07	4394	6.418e-02
135kHz_150dA_100Mss_Ni0521.txt	06/06/2024 11:06:40	18.4	434.52	18.44	57041.50	865.58	1.365498e+05	7.138779e+00	6.506416e+00	655.68	2.645942e-07	4394	6.442e-02
135kHz_150dA_100Mss_Ni0522.txt	06/06/2024 11:06:40	18.4	435.66	18.61	57041.50	858.11	1.365498e+05	7.111488e+00	6.508671e+00	659.66	2.673571e-07	4394	6.527e-02
135kHz_150dA_100Mss_Ni0523.txt	06/06/2024 11:06:41	18.4	436.98	18.64	57041.50	845.82	1.365498e+05	7.045548e+00	6.508971e+00	654.40	2.677275e-07	4394	6.479e-02
135kHz_150dA_100Mss_Ni0524.txt	06/06/2024 11:06:41	18.4	432.02	18.49	57041.50	855.04	1.365498e+05	7.046240e+00	6.509555e+00	656.12	2.684436e-07	4394	6.459e-02
135kHz_150dA_100Mss_Ni0525.txt	06/06/2024 11:06:42	18.6	435.79	18.72	57041.50	850.70	1.365498e+05	7.067005e+00	6.509600e+00	658.19	2.684959e-07	4394	6.376e-02
135kHz_150dA_100Mss_Ni0526.txt	06/06/2024 11:06:42	18.6	430.94	18.48	57041.50	869.89	1.365498e+05	7.111594e+00	6.508943e+00	660.45	2.676929e-07	4394	6.511e-02
135kHz_150dA_100Mss_Ni0527.txt	06/06/2024 11:06:43	18.6	438.68	18.42	57041.50	865.48	1.365498e+05	7.190537e+00	6.504019e+00	653.46	2.616612e-07	4394	6.566e-02
135kHz_150dA_100Mss_Ni0528.txt	06/06/2024 11:06:43	18.6	429.45	18.58	57041.50	852.38	1.365498e+05	7.044254e+00	6.509786e+00	656.60	2.687257e-07	4394	6.335e-02
135kHz_150dA_100Mss_Ni0529.txt	06/06/2024 11:06:44	18.7	432.97	18.52	57041.50	863.30	1.365498e+05	7.083313e+00	6.509955e+00	660.72	2.689367e-07	4394	6.533e-02
135kHz_150dA_100Mss_Ni0530.txt	06/06/2024 11:06:44	18.7	439.91	18.46	57041.50	853.89	1.365498e+05	7.167809e+00	6.505151e+00	654.68	2.630476e-07	4394	6.646e-02
135kHz_150dA_100Mss_Ni0531.txt	06/06/2024 11:06:45	18.8	429.15	18.39	57041.50	864.68	1.365498e+05	7.101292e+00	6.506718e+00	653.10	2.649627e-07	4394	6.386e-02
135kHz_150dA_100Mss_Ni0532.txt	06/06/2024 11:06:46	18.9	433.61	18.52	57041.50	862.06	1.365498e+05	7.167386e+00	6.505493e+00	655.63	2.634627e-07	4394	6.523e-02
135kHz_150dA_100Mss_Ni0533.txt	06/06/2024 11:06:46	18.9	434.88	18.32	57041.50	875.42	1.365498e+05	7.257857e+00	6.503389e+00	657.72	2.608884e-07	4394	6.339e-02
135kHz_150dA_100Mss_Ni0534.txt	06/06/2024 11:06:47	19.0	438.84	18.51	57041.50	872.44	1.365498e+05	7.241854e+00	6.505609e+00	662.78	2.636023e-07	4394	6.542e-02
135kHz_150dA_100Mss_Ni0535.txt	06/06/2024 11:06:47	19.0	438.85	18.59	57041.50	837.49	1.365498e+05	7.050719e+00	6.507232e+00	649.92	2.655944e-07	4394	6.664e-02
135kHz_150dA_100Mss_Ni0536.txt	06/06/2024 11:06:48	19.1	433.93	18.39	57041.50	872.60	1.365498e+05	7.194663e+00	6.505173e+00	657.19	2.630689e-07	4394	6.521e-02
135kHz_150dA_100Mss_Ni0537.txt	06/06/2024 11:06:48	19.1	433.14	18.36	57041.50	873.08	1.365498e+05	7.199198e+00	6.504573e+00	655.86	2.623355e-07	4394	6.396e-02
135kHz_150dA_100Mss_Ni0538.txt	06/06/2024 11:06:49	19.1	436.04	18.40	57041.50	875.86	1.365498e+05	7.224600e+00	6.503434e+00	654.84	2.609426e-07	4394	6.472e-02
135kHz_150dA_100Mss_Ni0539.txt	06/06/2024 11:06:49	19.1	434.50	18.42	57041.50	887.18	1.365498e+05	7.276437e+00	6.504166e+00	661.70	2.618415e-07	4394	6.331e-02
135kHz_150dA_100Mss_Ni0540.txt	06/06/2024 11:06:50	19.2	432.85	18.50	57041.50	873.18	1.365498e+05	7.192972e+00	6.505271e+00	657.32	2.631930e-07	4394	6.402e-02
135kHz_150dA_100Mss_Ni0541.txt	06/06/2024 11:06:50	19.2	439.71	18.42	57041.50	865.12	1.365498e+05	7.235076e+00	6.504364e+00	658.52	2.620808e-07	4394	6.550e-02
135kHz_150dA_100Mss_Ni0542.txt	06/06/2024 11:06:51	19.3	438.00	18.54	57041.50	866.90	1.365498e+05	7.232813e+00	6.507455e+00	667.36	2.658659e-07	4394	6.427e-02
135kHz_150dA_100Mss_Ni0543.txt	06/06/2024 11:06:51	19.3	443.87	18.66	57041.50	871.64	1.365498e+05	7.253286e+00	6.506251e+00	665.71	2.643911e-07	4394	6.523e-02
135kHz_150dA_100Mss_Ni0544.txt	06/06/2024 11:06:52	19.4	439.36	18.49	57041.50	881.15	1.365498e+05	7.276469e+00	6.505592e+00	665.90	2.635834e-07	4394	6.548e-02
135kHz_150dA_100Mss_Ni0545.txt	06/06/2024 11:06:52	19.4	437.78	18.34	57041.50	878.28	1.365498e+05	7.281593e+00	6.503305e+00	659.63	2.607861e-07	4394	6.602e-02
135kHz_150dA_100Mss_Ni0546.txt	06/06/2024 11:06:53	19.4	433.90	18.28	57041.50	883.23	1.365498e+05	7.328761e+00	6.501951e+00	659.88	2.591270e-07	4394	6.401e-02
135kHz_150dA_100Mss_Ni0547.txt	06/06/2024 11:06:54	19.6	440.31	18.36	57041.50	878.15	1.365498e+05	7.278651e+00	6.501696e+00	654.62	2.588176e-07	4394	6.519e-02
135kHz_150dA_100Mss_Ni0548.txt	06/06/2024 11:06:54	19.6	439.88	18.39	57041.50	874.68	1.365498e+05	7.306185e+00	6.503596e+00	662.72	2.611413e-07	4394	6.604e-02
135kHz_150dA_100Mss_Ni0549.txt	06/06/2024 11:06:55	19.6	435.16	18.39	57041.50	890.79	1.365498e+05	7.272793e+00	6.503109e+00	658.25	2.605437e-07	4394	6.338e-02
135kHz_150dA_100Mss_Ni0550.txt	06/06/2024 11:06:55	19.6	438.19	18.33	57041.50	906.19	1.365498e+05	7.381652e+00	6.501825e+00	664.27	2.589745e-07	4394	6.545e-02
135kHz_150dA_100Mss_Ni0551.txt	06/06/2024 11:06:56	19.7	440.44	18.52	57041.50	886.26	1.365498e+05	7.270513e+00	6.506496e+00	668.01	2.646922e-07	4394	6.553e-02
135kHz_150dA_100Mss_Ni0552.txt	06/06/2024 11:06:57	19.8	435.99	18.44	57041.50	879.08	1.365498e+05	7.223961e+00	6.504946e+00	659.21	2.627956e-07	4394	6.439e-02
135kHz_150dA_100Mss_Ni0553.txt	06/06/2024 11:06:57	19.8	438.58	18.46	57041.50	877.80	1.365498e+05	7.247450e+00	6.504191e+00	659.14	2.618712e-07	4394	6.610e-02
135kHz_150dA_100Mss_Ni0554.txt	06/06/2024 11:06:58	19.9	434.62	18.38	57041.50	893.66	1.365498e+05	7.291962e+00	6.503846e+00	662.16	2.614487e-07	4394	6.533e-02
135kHz_150dA_100Mss_Ni0555.txt	06/06/2024 11:06:58	19.9	437.22	18.37	57041.50	886.68	1.365498e+05	7.330272e+00	6.503760e+00	665.39	2.613424e-07	4394	6.549e-02
135kHz_150dA_100Mss_Ni0556.txt	06/06/2024 11:06:59	19.9	439.47	18.41	57041.50	874.60	1.365498e+05	7.255488e+00	6.504239e+00	660.00	2.619316e-07	4394	6.653e-02
135kHz_150dA_100Mss_Ni0557.txt	06/06/2024 11:06:59	19.9	438.42	18.35	57041.50	892.79	1.365498e+05	7.351904e+00	6.502624e+00	663.97	2.599532e-07	4394	6.543e-02
135kHz_150dA_100Mss_Ni0558.txt	06/06/2024 11:07:00	20.0	440.63	18.45	57041.50	882.82	1.365498e+05	7.341146e+00	6.500992e+00	658.15	2.579571e-07	4394	6.508e-02
135kHz_150dA_100Mss_Ni0559.txt	06/06/2024 11:07:00	20.0	438.38	18.36	57041.50	865.83	1.365498e+05	7.263783e+00	6.501030e+00	651.32	2.580045e-07	4394	6.434e-02
135kHz_150dA_100Mss_Ni0560.txt	06/06/2024 11:07:01	20.1	435.36	18.46	57041.50	884.44	1.365498e+05	7.233645e+00	6.504328e+00	658.28	2.620384e-07	4394	6.444e-02
135kHz_150dA_100Mss_Ni0561.txt	06/06/2024 11:07:01	20.1	440.63	18.34	57041.50	886.60	1.365498e+05	7.344813e+00	6.500965e+00	658.39	2.579216e-07	4394	6.453e-02
135kHz_150dA_100Mss_Ni0562.txt	06/06/2024 11:07:02	20.1	434.71	18.26	57041.50	882.09	1.365498e+05	7.306347e+00	6.502328e+00	658.98	2.595880e-07	4394	6.539e-02
135kHz_150dA_100Mss_Ni0563.txt	06/06/2024 11:07:02	20.1	444.35	18.37	57041.50	889.62	1.365498e+05	7.365248e+00	6.500448e+00	658.68	2.572838e-07	4394	6.624e-02
135kHz_150dA_100Mss_Ni0564.txt	06/06/2024 11:07:03	20.2	439.13	18.39	57041.50	894.42	1.365498e+05	7.371271e+00	6.501166e+00	661.37	2.581626e-07	4394	6.458e-02
135kHz_150dA_100Mss_Ni0565.txt	06/06/2024 11:07:03	20.2	443.62	18.46	57041.50	879.71	1.365498e+05	7.328555e+00	6.502195e+00	660.59	2.594215e-07	4394	6.637e-02
135kHz_150dA_100Mss_Ni0566.txt	06/06/2024 11:07:04	20.2	436.18	18.46	57041.50	887.20	1.365498e+05	7.308180e+00	6.501751e+00	657.44	2.588774e-07	4394	6.471e-02
135kHz_150dA_100Mss_Ni0567.txt	06/06/2024 11:07:04	20.2	437.03	18.34	57041.50	888.04	1.365498e+05	7.388468e+00	6.500540e+00	661.04	2.573971e-07	4394	6.358e-02
135kHz_150dA_100Mss_Ni0568.txt	06/06/2024 11:07:05	20.4	436.97	18.50	57041.50	872.59	1.365498e+05	7.289871e+00	6.505026e+00	665.46	2.628857e-07	4394	6.377e-02
135kHz_150dA_100Mss_Ni0569.txt	06/06/2024 11:07:05	20.4	437.19	18.35	57041.50	888.29	1.365498e+05	7.347058e+00	6.501224e+00	659.36	2.582326e-07	4394	6.542e-02
135kHz_150dA_100Mss_Ni0570.txt	06/06/2024 11:07:06	20.4	431.42	18.14	57041.50	898.57	1.365498e+05	7.424594e+00	6.499162e+00	660.12	2.557147e-07	4394	6.453e-02
135kHz_150dA_100Mss_Ni0571.txt	06/06/2024 11:07:07	20.5	441.13	18.35	57041.50	892.86	1.365498e+05	7.358570e+00	6.499992e+00	656.73	2.567281e-07	4394	6.568e-02
135kHz_150dA_100Mss_Ni0572.txt	06/06/2024 11:07:07	20.5	440.82	18.24	57041.50	896.50	1.365498e+05	7.407966e+00	6.498085e+00	655.41	2.544009e-07	4394	6.678e-02
135kHz_150dA_100Mss_Ni0573.txt	06/06/2024 11:07:08	20.6	434.85	18.12	57041.50	922.92	1.365498e+05	7.526733e+00	6.495948e+00	659.40	2.517898e-07	4394	6.495e-02
135kHz_150dA_100Mss_Ni0574.txt	06/06/2024 11:07:08	20.6	436.23	18.27	57041.50	905.38	1.365809e+05	7.423412e+00	6.498356e+00	657.74	2.547291e-07	4393	6.613e-02
135kHz_150dA_100Mss_Ni0575.txt	06/06/2024 11:07:09	20.7	434.50	18.17	57041.50	900.76	1.365498e+05	7.441281e+00	6.498766e+00	660.41	2.552304e-07	4394	6.354e-02
135kHz_150dA_100Mss_Ni0576.txt	06/06/2024 11:07:10	20.8	436.85	18.22	57041.50	896.69	1.365498e+05	7.406077e+00	6.498646e+00	656.93	2.550846e-07	4394	6.422e-02
135kHz_150dA_100Mss_Ni0577.txt	06/06/2024 11:07:10	20.8	442.62	18.33	57041.50	882.09	1.365498e+05	7.363283e+00	6.499419e+00	655.44	2.560272e-07	4394	6.510e-02
135kHz_150dA_100Mss_Ni0578.txt	06/06/2024 11:07:11	20.9	435.94	18.20	57041.50	900.77	1.365498e+05	7.429398e+00	6.497656e+00	656.01	2.538745e-07	4394	6.498e-02
135kHz_150dA_100Mss_Ni0579.txt	06/06/2024 11:07:11	20.9	439.46	18.26	57041.50	898.95	1.365498e+05	7.467844e+00	6.498634e+00	662.37	2.550684e-07	4394	6.507e-02
135kHz_150dA_100Mss_Ni0580.txt	06/06/2024 11:07:12	21.0	438.44	18.29	57041.50	904.42	1.365498e+05	7.399137e+00	6.498088e+00	654.64	2.544031e-07	4394	6.503e-02
