# Temperatura_=_1.437147887323944
# Concentracion g/m^3_=_10000.0
# C_Vs_to_Am_M_A/Vsm_=_254322799225.57578
# pendiente_HvsI_1/m_=_3716.3
# ordenada_HvsI_A/m_=_1297.0
# frecuencia_Hz_=_136553.68983629034
# Promedio de 568 ciclos

Tiempo_(s)	Campo_(V.s)	Magnetizacion_(V.s)	Campo_(kA/m)	Magnetizacion_(A/m)
0.000000e+00	-1.093650e-08	-2.650179e-09	-5.696029e+01	-6.740008e+02
1.000000e-08	-1.093659e-08	-2.650396e-09	-5.696075e+01	-6.740562e+02
2.000000e-08	-1.093594e-08	-2.649905e-09	-5.695737e+01	-6.739312e+02
3.000000e-08	-1.093424e-08	-2.649179e-09	-5.694853e+01	-6.737467e+02
4.000000e-08	-1.093151e-08	-2.648875e-09	-5.693430e+01	-6.736693e+02
5.000000e-08	-1.092803e-08	-2.649628e-09	-5.691618e+01	-6.738609e+02
6.000000e-08	-1.092399e-08	-2.650679e-09	-5.689515e+01	-6.741281e+02
7.000000e-08	-1.091931e-08	-2.651103e-09	-5.687078e+01	-6.742360e+02
8.000000e-08	-1.091388e-08	-2.652151e-09	-5.684251e+01	-6.745023e+02
9.000000e-08	-1.090761e-08	-2.653864e-09	-5.680984e+01	-6.749382e+02
1.000000e-07	-1.090028e-08	-2.651181e-09	-5.677165e+01	-6.742559e+02
1.100000e-07	-1.089152e-08	-2.640643e-09	-5.672605e+01	-6.715758e+02
1.200000e-07	-1.088122e-08	-2.634435e-09	-5.667237e+01	-6.699968e+02
1.300000e-07	-1.087001e-08	-2.646058e-09	-5.661400e+01	-6.729528e+02
1.400000e-07	-1.085863e-08	-2.664364e-09	-5.655473e+01	-6.776085e+02
1.500000e-07	-1.084687e-08	-2.660488e-09	-5.649349e+01	-6.766227e+02
1.600000e-07	-1.083409e-08	-2.634786e-09	-5.642693e+01	-6.700860e+02
1.700000e-07	-1.082043e-08	-2.634139e-09	-5.635576e+01	-6.699216e+02
1.800000e-07	-1.080630e-08	-2.657214e-09	-5.628219e+01	-6.757901e+02
1.900000e-07	-1.079118e-08	-2.642122e-09	-5.620345e+01	-6.719517e+02
2.000000e-07	-1.077469e-08	-2.613757e-09	-5.611756e+01	-6.647381e+02
2.100000e-07	-1.075753e-08	-2.636062e-09	-5.602817e+01	-6.704106e+02
2.200000e-07	-1.074001e-08	-2.659317e-09	-5.593693e+01	-6.763250e+02
2.300000e-07	-1.072166e-08	-2.637140e-09	-5.584134e+01	-6.706849e+02
2.400000e-07	-1.070242e-08	-2.629427e-09	-5.574114e+01	-6.687232e+02
2.500000e-07	-1.068265e-08	-2.650577e-09	-5.563820e+01	-6.741022e+02
2.600000e-07	-1.066222e-08	-2.633953e-09	-5.553176e+01	-6.698743e+02
2.700000e-07	-1.064091e-08	-2.605622e-09	-5.542078e+01	-6.626690e+02
2.800000e-07	-1.061893e-08	-2.623852e-09	-5.530629e+01	-6.673054e+02
2.900000e-07	-1.059625e-08	-2.632730e-09	-5.518817e+01	-6.695632e+02
3.000000e-07	-1.057274e-08	-2.610724e-09	-5.506573e+01	-6.639666e+02
3.100000e-07	-1.054863e-08	-2.624794e-09	-5.494015e+01	-6.675450e+02
3.200000e-07	-1.052381e-08	-2.649291e-09	-5.481090e+01	-6.737752e+02
3.300000e-07	-1.049785e-08	-2.630211e-09	-5.467566e+01	-6.689227e+02
3.400000e-07	-1.047082e-08	-2.623796e-09	-5.453491e+01	-6.672912e+02
3.500000e-07	-1.044315e-08	-2.645773e-09	-5.439078e+01	-6.728805e+02
3.600000e-07	-1.041488e-08	-2.632316e-09	-5.424355e+01	-6.694579e+02
3.700000e-07	-1.038594e-08	-2.612288e-09	-5.409283e+01	-6.643645e+02
3.800000e-07	-1.035630e-08	-2.631462e-09	-5.393845e+01	-6.692408e+02
3.900000e-07	-1.032588e-08	-2.630542e-09	-5.378001e+01	-6.690069e+02
4.000000e-07	-1.029474e-08	-2.607918e-09	-5.361783e+01	-6.632530e+02
4.100000e-07	-1.026298e-08	-2.617457e-09	-5.345242e+01	-6.656789e+02
4.200000e-07	-1.023049e-08	-2.621737e-09	-5.328319e+01	-6.667676e+02
4.300000e-07	-1.019708e-08	-2.607649e-09	-5.310922e+01	-6.631847e+02
4.400000e-07	-1.016272e-08	-2.616212e-09	-5.293024e+01	-6.653623e+02
4.500000e-07	-1.012751e-08	-2.620041e-09	-5.274683e+01	-6.663362e+02
4.600000e-07	-1.009165e-08	-2.605386e-09	-5.256008e+01	-6.626090e+02
4.700000e-07	-1.005520e-08	-2.605882e-09	-5.237024e+01	-6.627353e+02
4.800000e-07	-1.001805e-08	-2.607219e-09	-5.217676e+01	-6.630751e+02
4.900000e-07	-9.980164e-09	-2.598555e-09	-5.197944e+01	-6.608718e+02
5.000000e-07	-9.941584e-09	-2.601105e-09	-5.177850e+01	-6.615203e+02
5.100000e-07	-9.902354e-09	-2.601521e-09	-5.157418e+01	-6.616262e+02
5.200000e-07	-9.862539e-09	-2.593016e-09	-5.136681e+01	-6.594631e+02
5.300000e-07	-9.822076e-09	-2.594009e-09	-5.115607e+01	-6.597157e+02
5.400000e-07	-9.780704e-09	-2.594576e-09	-5.094059e+01	-6.598599e+02
5.500000e-07	-9.738287e-09	-2.586150e-09	-5.071967e+01	-6.577168e+02
5.600000e-07	-9.694980e-09	-2.583787e-09	-5.049412e+01	-6.571160e+02
5.700000e-07	-9.650990e-09	-2.584778e-09	-5.026501e+01	-6.573679e+02
5.800000e-07	-9.606381e-09	-2.580504e-09	-5.003267e+01	-6.562809e+02
5.900000e-07	-9.561132e-09	-2.577516e-09	-4.979700e+01	-6.555211e+02
6.000000e-07	-9.515239e-09	-2.576255e-09	-4.955798e+01	-6.552003e+02
6.100000e-07	-9.468706e-09	-2.572174e-09	-4.931563e+01	-6.541624e+02
6.200000e-07	-9.421543e-09	-2.568031e-09	-4.906999e+01	-6.531088e+02
6.300000e-07	-9.373717e-09	-2.565540e-09	-4.882089e+01	-6.524753e+02
6.400000e-07	-9.325113e-09	-2.563741e-09	-4.856775e+01	-6.520178e+02
6.500000e-07	-9.275588e-09	-2.561969e-09	-4.830982e+01	-6.515671e+02
6.600000e-07	-9.225081e-09	-2.558270e-09	-4.804676e+01	-6.506264e+02
6.700000e-07	-9.173672e-09	-2.553944e-09	-4.777901e+01	-6.495263e+02
6.800000e-07	-9.121488e-09	-2.550652e-09	-4.750723e+01	-6.486889e+02
6.900000e-07	-9.068583e-09	-2.546793e-09	-4.723168e+01	-6.477076e+02
7.000000e-07	-9.014961e-09	-2.543266e-09	-4.695240e+01	-6.468105e+02
7.100000e-07	-8.960682e-09	-2.541184e-09	-4.666971e+01	-6.462811e+02
7.200000e-07	-8.905821e-09	-2.537843e-09	-4.638397e+01	-6.454313e+02
7.300000e-07	-8.850442e-09	-2.534047e-09	-4.609554e+01	-6.444660e+02
7.400000e-07	-8.794562e-09	-2.531978e-09	-4.580450e+01	-6.439396e+02
7.500000e-07	-8.738078e-09	-2.528798e-09	-4.551032e+01	-6.431311e+02
7.600000e-07	-8.680867e-09	-2.523412e-09	-4.521235e+01	-6.417611e+02
7.700000e-07	-8.622904e-09	-2.519585e-09	-4.491046e+01	-6.407878e+02
7.800000e-07	-8.564201e-09	-2.517124e-09	-4.460473e+01	-6.401621e+02
7.900000e-07	-8.504792e-09	-2.513767e-09	-4.429530e+01	-6.393083e+02
8.000000e-07	-8.444763e-09	-2.510595e-09	-4.398266e+01	-6.385015e+02
8.100000e-07	-8.384168e-09	-2.507612e-09	-4.366706e+01	-6.377429e+02
8.200000e-07	-8.322967e-09	-2.503266e-09	-4.334831e+01	-6.366375e+02
8.300000e-07	-8.261149e-09	-2.498443e-09	-4.302634e+01	-6.354109e+02
8.400000e-07	-8.198767e-09	-2.494521e-09	-4.270144e+01	-6.344136e+02
8.500000e-07	-8.135849e-09	-2.490656e-09	-4.237375e+01	-6.334306e+02
8.600000e-07	-8.072391e-09	-2.486071e-09	-4.204324e+01	-6.322644e+02
8.700000e-07	-8.008419e-09	-2.481939e-09	-4.171005e+01	-6.312137e+02
8.800000e-07	-7.943916e-09	-2.478550e-09	-4.137410e+01	-6.303517e+02
8.900000e-07	-7.878794e-09	-2.474736e-09	-4.103493e+01	-6.293817e+02
9.000000e-07	-7.813034e-09	-2.470048e-09	-4.069244e+01	-6.281896e+02
9.100000e-07	-7.746650e-09	-2.464823e-09	-4.034670e+01	-6.268607e+02
9.200000e-07	-7.679647e-09	-2.459664e-09	-3.999772e+01	-6.255485e+02
9.300000e-07	-7.612075e-09	-2.454690e-09	-3.964579e+01	-6.242837e+02
9.400000e-07	-7.543971e-09	-2.450037e-09	-3.929108e+01	-6.231002e+02
9.500000e-07	-7.475323e-09	-2.445800e-09	-3.893354e+01	-6.220227e+02
9.600000e-07	-7.406140e-09	-2.441188e-09	-3.857322e+01	-6.208498e+02
9.700000e-07	-7.336464e-09	-2.436009e-09	-3.821033e+01	-6.195327e+02
9.800000e-07	-7.266292e-09	-2.431142e-09	-3.784486e+01	-6.182948e+02
9.900000e-07	-7.195608e-09	-2.426487e-09	-3.747671e+01	-6.171110e+02
1.000000e-06	-7.124440e-09	-2.421401e-09	-3.710605e+01	-6.158175e+02
1.010000e-06	-7.052794e-09	-2.416029e-09	-3.673290e+01	-6.144512e+02
1.020000e-06	-6.980642e-09	-2.410747e-09	-3.635711e+01	-6.131080e+02
1.030000e-06	-6.907995e-09	-2.405279e-09	-3.597875e+01	-6.117173e+02
1.040000e-06	-6.834820e-09	-2.399617e-09	-3.559763e+01	-6.102772e+02
1.050000e-06	-6.761008e-09	-2.393700e-09	-3.521320e+01	-6.087726e+02
1.060000e-06	-6.686535e-09	-2.387529e-09	-3.482533e+01	-6.072030e+02
1.070000e-06	-6.611455e-09	-2.381364e-09	-3.443429e+01	-6.056352e+02
1.080000e-06	-6.535785e-09	-2.375137e-09	-3.404018e+01	-6.040515e+02
1.090000e-06	-6.459565e-09	-2.368988e-09	-3.364321e+01	-6.024876e+02
1.100000e-06	-6.382843e-09	-2.363328e-09	-3.324362e+01	-6.010482e+02
1.110000e-06	-6.305608e-09	-2.357292e-09	-3.284136e+01	-5.995130e+02
1.120000e-06	-6.227842e-09	-2.350410e-09	-3.243633e+01	-5.977628e+02
1.130000e-06	-6.149561e-09	-2.343884e-09	-3.202863e+01	-5.961031e+02
1.140000e-06	-6.070786e-09	-2.337504e-09	-3.161835e+01	-5.944806e+02
1.150000e-06	-5.991551e-09	-2.330629e-09	-3.120567e+01	-5.927322e+02
1.160000e-06	-5.911900e-09	-2.324303e-09	-3.079083e+01	-5.911233e+02
1.170000e-06	-5.831831e-09	-2.318512e-09	-3.037381e+01	-5.896506e+02
1.180000e-06	-5.751297e-09	-2.311780e-09	-2.995437e+01	-5.879383e+02
1.190000e-06	-5.670270e-09	-2.304353e-09	-2.953236e+01	-5.860494e+02
1.200000e-06	-5.588771e-09	-2.297133e-09	-2.910789e+01	-5.842134e+02
1.210000e-06	-5.506865e-09	-2.289716e-09	-2.868130e+01	-5.823269e+02
1.220000e-06	-5.424615e-09	-2.282196e-09	-2.825291e+01	-5.804144e+02
1.230000e-06	-5.342043e-09	-2.275057e-09	-2.782286e+01	-5.785988e+02
1.240000e-06	-5.259150e-09	-2.267949e-09	-2.739112e+01	-5.767911e+02
1.250000e-06	-5.175928e-09	-2.260810e-09	-2.695768e+01	-5.749755e+02
1.260000e-06	-5.092392e-09	-2.253664e-09	-2.652260e+01	-5.731581e+02
1.270000e-06	-5.008554e-09	-2.246310e-09	-2.608595e+01	-5.712879e+02
1.280000e-06	-4.924424e-09	-2.238538e-09	-2.564778e+01	-5.693112e+02
1.290000e-06	-4.840014e-09	-2.230405e-09	-2.520814e+01	-5.672427e+02
1.300000e-06	-4.755324e-09	-2.222486e-09	-2.476705e+01	-5.652288e+02
1.310000e-06	-4.670353e-09	-2.215126e-09	-2.432450e+01	-5.633570e+02
1.320000e-06	-4.585100e-09	-2.207716e-09	-2.388048e+01	-5.614726e+02
1.330000e-06	-4.499534e-09	-2.199845e-09	-2.343483e+01	-5.594708e+02
1.340000e-06	-4.413625e-09	-2.191661e-09	-2.298739e+01	-5.573894e+02
1.350000e-06	-4.327384e-09	-2.183588e-09	-2.253822e+01	-5.553361e+02
1.360000e-06	-4.240838e-09	-2.175495e-09	-2.208747e+01	-5.532779e+02
1.370000e-06	-4.154017e-09	-2.167165e-09	-2.163528e+01	-5.511595e+02
1.380000e-06	-4.066937e-09	-2.158855e-09	-2.118174e+01	-5.490459e+02
1.390000e-06	-3.979593e-09	-2.150247e-09	-2.072683e+01	-5.468569e+02
1.400000e-06	-3.891969e-09	-2.141332e-09	-2.027046e+01	-5.445896e+02
1.410000e-06	-3.804067e-09	-2.132658e-09	-1.981264e+01	-5.423837e+02
1.420000e-06	-3.715898e-09	-2.124005e-09	-1.935343e+01	-5.401828e+02
1.430000e-06	-3.627457e-09	-2.114735e-09	-1.889281e+01	-5.378254e+02
1.440000e-06	-3.538737e-09	-2.105477e-09	-1.843073e+01	-5.354708e+02
1.450000e-06	-3.449750e-09	-2.096888e-09	-1.796726e+01	-5.332865e+02
1.460000e-06	-3.360504e-09	-2.088687e-09	-1.750245e+01	-5.312006e+02
1.470000e-06	-3.271003e-09	-2.080315e-09	-1.703630e+01	-5.290717e+02
1.480000e-06	-3.181240e-09	-2.071239e-09	-1.656880e+01	-5.267632e+02
1.490000e-06	-3.091200e-09	-2.061280e-09	-1.609985e+01	-5.242304e+02
1.500000e-06	-3.000882e-09	-2.050645e-09	-1.562945e+01	-5.215256e+02
1.510000e-06	-2.910324e-09	-2.040055e-09	-1.515780e+01	-5.188326e+02
1.520000e-06	-2.819553e-09	-2.030062e-09	-1.468504e+01	-5.162911e+02
1.530000e-06	-2.728571e-09	-2.020206e-09	-1.421118e+01	-5.137844e+02
1.540000e-06	-2.637389e-09	-2.010145e-09	-1.373628e+01	-5.112257e+02
1.550000e-06	-2.546020e-09	-2.000348e-09	-1.326041e+01	-5.087342e+02
1.560000e-06	-2.454471e-09	-1.990297e-09	-1.278359e+01	-5.061780e+02
1.570000e-06	-2.362741e-09	-1.979360e-09	-1.230584e+01	-5.033964e+02
1.580000e-06	-2.270834e-09	-1.968214e-09	-1.182716e+01	-5.005616e+02
1.590000e-06	-2.178749e-09	-1.956695e-09	-1.134756e+01	-4.976322e+02
1.600000e-06	-2.086493e-09	-1.944977e-09	-1.086706e+01	-4.946520e+02
1.610000e-06	-1.994074e-09	-1.934235e-09	-1.038571e+01	-4.919200e+02
1.620000e-06	-1.901500e-09	-1.923989e-09	-9.903562e+00	-4.893144e+02
1.630000e-06	-1.808778e-09	-1.913176e-09	-9.420639e+00	-4.865644e+02
1.640000e-06	-1.715921e-09	-1.901983e-09	-8.937014e+00	-4.837177e+02
1.650000e-06	-1.622958e-09	-1.890395e-09	-8.452834e+00	-4.807705e+02
1.660000e-06	-1.529914e-09	-1.878071e-09	-7.968239e+00	-4.776364e+02
1.670000e-06	-1.436805e-09	-1.865194e-09	-7.483297e+00	-4.743612e+02
1.680000e-06	-1.343637e-09	-1.852018e-09	-6.998056e+00	-4.710104e+02
1.690000e-06	-1.250412e-09	-1.838894e-09	-6.512513e+00	-4.676728e+02
1.700000e-06	-1.157123e-09	-1.826142e-09	-6.026637e+00	-4.644296e+02
1.710000e-06	-1.063770e-09	-1.813898e-09	-5.540433e+00	-4.613157e+02
1.720000e-06	-9.703547e-10	-1.801652e-09	-5.053898e+00	-4.582011e+02
1.730000e-06	-8.768703e-10	-1.788706e-09	-4.567006e+00	-4.549087e+02
1.740000e-06	-7.833133e-10	-1.775044e-09	-4.079736e+00	-4.514341e+02
1.750000e-06	-6.896873e-10	-1.761072e-09	-3.592105e+00	-4.478808e+02
1.760000e-06	-5.959929e-10	-1.746991e-09	-3.104119e+00	-4.442995e+02
1.770000e-06	-5.022381e-10	-1.732684e-09	-2.615818e+00	-4.406610e+02
1.780000e-06	-4.084444e-10	-1.718170e-09	-2.127315e+00	-4.369698e+02
1.790000e-06	-3.146290e-10	-1.703408e-09	-1.638699e+00	-4.332155e+02
1.800000e-06	-2.208147e-10	-1.688495e-09	-1.150088e+00	-4.294228e+02
1.810000e-06	-1.270198e-10	-1.673607e-09	-6.615782e-01	-4.256364e+02
1.820000e-06	-3.325759e-11	-1.658207e-09	-1.732389e-01	-4.217197e+02
1.830000e-06	6.047603e-11	-1.642092e-09	3.149517e-01	-4.176214e+02
1.840000e-06	1.541964e-10	-1.625636e-09	8.030734e-01	-4.134364e+02
1.850000e-06	2.479097e-10	-1.609229e-09	1.291158e+00	-4.092637e+02
1.860000e-06	3.416147e-10	-1.592640e-09	1.779200e+00	-4.050446e+02
1.870000e-06	4.353110e-10	-1.575246e-09	2.267195e+00	-4.006210e+02
1.880000e-06	5.290000e-10	-1.557085e-09	2.755154e+00	-3.960022e+02
1.890000e-06	6.226761e-10	-1.538418e-09	3.243045e+00	-3.912547e+02
1.900000e-06	7.163265e-10	-1.519754e-09	3.730802e+00	-3.865082e+02
1.910000e-06	8.099368e-10	-1.500865e-09	4.218350e+00	-3.817043e+02
1.920000e-06	9.034932e-10	-1.480776e-09	4.705617e+00	-3.765950e+02
1.930000e-06	9.969772e-10	-1.459509e-09	5.192508e+00	-3.711863e+02
1.940000e-06	1.090373e-09	-1.437709e-09	5.678939e+00	-3.656422e+02
1.950000e-06	1.183672e-09	-1.415493e-09	6.164864e+00	-3.599920e+02
1.960000e-06	1.276870e-09	-1.392526e-09	6.650267e+00	-3.541511e+02
1.970000e-06	1.369966e-09	-1.368622e-09	7.135139e+00	-3.480719e+02
1.980000e-06	1.462965e-09	-1.343879e-09	7.619505e+00	-3.417791e+02
1.990000e-06	1.555880e-09	-1.318296e-09	8.103429e+00	-3.352726e+02
2.000000e-06	1.648719e-09	-1.291858e-09	8.586960e+00	-3.285489e+02
2.010000e-06	1.741481e-09	-1.264379e-09	9.070095e+00	-3.215603e+02
2.020000e-06	1.834155e-09	-1.235576e-09	9.552769e+00	-3.142353e+02
2.030000e-06	1.926731e-09	-1.205431e-09	1.003493e+01	-3.065685e+02
2.040000e-06	2.019195e-09	-1.174230e-09	1.051651e+01	-2.986335e+02
2.050000e-06	2.111527e-09	-1.142288e-09	1.099740e+01	-2.905099e+02
2.060000e-06	2.203704e-09	-1.109176e-09	1.147749e+01	-2.820889e+02
2.070000e-06	2.295709e-09	-1.074415e-09	1.195668e+01	-2.732482e+02
2.080000e-06	2.387522e-09	-1.038198e-09	1.243486e+01	-2.640375e+02
2.090000e-06	2.479114e-09	-1.000399e-09	1.291190e+01	-2.544242e+02
2.100000e-06	2.570465e-09	-9.604011e-10	1.338768e+01	-2.442519e+02
2.110000e-06	2.661575e-09	-9.179333e-10	1.386221e+01	-2.334514e+02
2.120000e-06	2.752454e-09	-8.726804e-10	1.433553e+01	-2.219425e+02
2.130000e-06	2.843117e-09	-8.243663e-10	1.480773e+01	-2.096551e+02
2.140000e-06	2.933574e-09	-7.729231e-10	1.527885e+01	-1.965720e+02
2.150000e-06	3.023830e-09	-7.176659e-10	1.574893e+01	-1.825188e+02
2.160000e-06	3.113880e-09	-6.575275e-10	1.621793e+01	-1.672242e+02
2.170000e-06	3.203716e-09	-5.919555e-10	1.668582e+01	-1.505478e+02
2.180000e-06	3.293330e-09	-5.208864e-10	1.715255e+01	-1.324733e+02
2.190000e-06	3.382708e-09	-4.438103e-10	1.761805e+01	-1.128711e+02
2.200000e-06	3.471828e-09	-3.602160e-10	1.808221e+01	-9.161113e+01
2.210000e-06	3.560661e-09	-2.701038e-10	1.854488e+01	-6.869356e+01
2.220000e-06	3.649174e-09	-1.737047e-10	1.900588e+01	-4.417706e+01
2.230000e-06	3.737355e-09	-7.164592e-11	1.946515e+01	-1.822119e+01
2.240000e-06	3.825203e-09	3.477926e-11	1.992269e+01	8.845158e+00
2.250000e-06	3.912734e-09	1.443073e-10	2.037857e+01	3.670062e+01
2.260000e-06	3.999979e-09	2.555712e-10	2.083297e+01	6.499760e+01
2.270000e-06	4.086966e-09	3.668335e-10	2.128602e+01	9.329412e+01
2.280000e-06	4.173707e-09	4.764664e-10	2.173779e+01	1.211763e+02
2.290000e-06	4.260198e-09	5.834953e-10	2.218826e+01	1.483962e+02
2.300000e-06	4.346427e-09	6.875373e-10	2.263737e+01	1.748564e+02
2.310000e-06	4.432376e-09	7.876648e-10	2.308502e+01	2.003211e+02
2.320000e-06	4.518023e-09	8.828448e-10	2.353109e+01	2.245276e+02
2.330000e-06	4.603351e-09	9.727743e-10	2.397550e+01	2.473987e+02
2.340000e-06	4.688365e-09	1.057734e-09	2.441828e+01	2.690058e+02
2.350000e-06	4.773084e-09	1.138199e-09	2.485952e+01	2.894699e+02
2.360000e-06	4.857509e-09	1.214217e-09	2.529923e+01	3.088030e+02
2.370000e-06	4.941616e-09	1.285307e-09	2.573728e+01	3.268830e+02
2.380000e-06	5.025379e-09	1.351823e-09	2.617355e+01	3.437994e+02
2.390000e-06	5.108791e-09	1.414326e-09	2.660798e+01	3.596955e+02
2.400000e-06	5.191859e-09	1.473027e-09	2.704062e+01	3.746244e+02
2.410000e-06	5.274600e-09	1.528248e-09	2.747156e+01	3.886683e+02
2.420000e-06	5.357025e-09	1.579974e-09	2.790085e+01	4.018235e+02
2.430000e-06	5.439129e-09	1.628114e-09	2.832847e+01	4.140664e+02
2.440000e-06	5.520884e-09	1.673329e-09	2.875427e+01	4.255658e+02
2.450000e-06	5.602241e-09	1.716518e-09	2.917800e+01	4.365498e+02
2.460000e-06	5.683149e-09	1.757500e-09	2.959940e+01	4.469724e+02
2.470000e-06	5.763572e-09	1.795644e-09	3.001826e+01	4.566732e+02
2.480000e-06	5.843507e-09	1.831174e-09	3.043459e+01	4.657092e+02
2.490000e-06	5.922978e-09	1.864732e-09	3.084850e+01	4.742439e+02
2.500000e-06	6.001997e-09	1.896342e-09	3.126005e+01	4.822831e+02
2.510000e-06	6.080553e-09	1.926231e-09	3.166918e+01	4.898846e+02
2.520000e-06	6.158625e-09	1.954512e-09	3.207580e+01	4.970769e+02
2.530000e-06	6.236211e-09	1.981010e-09	3.247989e+01	5.038161e+02
2.540000e-06	6.313338e-09	2.006138e-09	3.288159e+01	5.102066e+02
2.550000e-06	6.390037e-09	2.030324e-09	3.328106e+01	5.163578e+02
2.560000e-06	6.466307e-09	2.053261e-09	3.367830e+01	5.221910e+02
2.570000e-06	6.542103e-09	2.074504e-09	3.407306e+01	5.275937e+02
2.580000e-06	6.617350e-09	2.094256e-09	3.446497e+01	5.326171e+02
2.590000e-06	6.691998e-09	2.112907e-09	3.485376e+01	5.373605e+02
2.600000e-06	6.766038e-09	2.130535e-09	3.523937e+01	5.418436e+02
2.610000e-06	6.839480e-09	2.147196e-09	3.562188e+01	5.460809e+02
2.620000e-06	6.912331e-09	2.162932e-09	3.600130e+01	5.500829e+02
2.630000e-06	6.984582e-09	2.177815e-09	3.637761e+01	5.538681e+02
2.640000e-06	7.056255e-09	2.192574e-09	3.675090e+01	5.576215e+02
2.650000e-06	7.127407e-09	2.207337e-09	3.712148e+01	5.613762e+02
2.660000e-06	7.198084e-09	2.221264e-09	3.748958e+01	5.649182e+02
2.670000e-06	7.268284e-09	2.234217e-09	3.785521e+01	5.682124e+02
2.680000e-06	7.337983e-09	2.246548e-09	3.821822e+01	5.713483e+02
2.690000e-06	7.407179e-09	2.258380e-09	3.857861e+01	5.743574e+02
2.700000e-06	7.475900e-09	2.269502e-09	3.893653e+01	5.771861e+02
2.710000e-06	7.544170e-09	2.279785e-09	3.929210e+01	5.798013e+02
2.720000e-06	7.611962e-09	2.289779e-09	3.964518e+01	5.823429e+02
2.730000e-06	7.679210e-09	2.299962e-09	3.999543e+01	5.849329e+02
2.740000e-06	7.745843e-09	2.310135e-09	4.034247e+01	5.875200e+02
2.750000e-06	7.811814e-09	2.320501e-09	4.068606e+01	5.901562e+02
2.760000e-06	7.877105e-09	2.331111e-09	4.102611e+01	5.928548e+02
2.770000e-06	7.941731e-09	2.340808e-09	4.136270e+01	5.953207e+02
2.780000e-06	8.005736e-09	2.349300e-09	4.169606e+01	5.974805e+02
2.790000e-06	8.069179e-09	2.357097e-09	4.202649e+01	5.994635e+02
2.800000e-06	8.132117e-09	2.364609e-09	4.235429e+01	6.013740e+02
2.810000e-06	8.194570e-09	2.372051e-09	4.267956e+01	6.032667e+02
2.820000e-06	8.256510e-09	2.379906e-09	4.300216e+01	6.052643e+02
2.830000e-06	8.317907e-09	2.388327e-09	4.332193e+01	6.074060e+02
2.840000e-06	8.378780e-09	2.397213e-09	4.363898e+01	6.096659e+02
2.850000e-06	8.439169e-09	2.406224e-09	4.395350e+01	6.119576e+02
2.860000e-06	8.499054e-09	2.413872e-09	4.426540e+01	6.139026e+02
2.870000e-06	8.558356e-09	2.419937e-09	4.457426e+01	6.154451e+02
2.880000e-06	8.616964e-09	2.425583e-09	4.487951e+01	6.168809e+02
2.890000e-06	8.674788e-09	2.431285e-09	4.518067e+01	6.183313e+02
2.900000e-06	8.731806e-09	2.437140e-09	4.547763e+01	6.198202e+02
2.910000e-06	8.788076e-09	2.443761e-09	4.577070e+01	6.215042e+02
2.920000e-06	8.843692e-09	2.450971e-09	4.606037e+01	6.233377e+02
2.930000e-06	8.898734e-09	2.457790e-09	4.634704e+01	6.250721e+02
2.940000e-06	8.953223e-09	2.464007e-09	4.663084e+01	6.266532e+02
2.950000e-06	9.007126e-09	2.469541e-09	4.691158e+01	6.280607e+02
2.960000e-06	9.060403e-09	2.474370e-09	4.718906e+01	6.292887e+02
2.970000e-06	9.113036e-09	2.478946e-09	4.746318e+01	6.304526e+02
2.980000e-06	9.164975e-09	2.484012e-09	4.773370e+01	6.317410e+02
2.990000e-06	9.216115e-09	2.489794e-09	4.800004e+01	6.332113e+02
3.000000e-06	9.266352e-09	2.495688e-09	4.826169e+01	6.347103e+02
3.010000e-06	9.315654e-09	2.501467e-09	4.851847e+01	6.361801e+02
3.020000e-06	9.364091e-09	2.506884e-09	4.877074e+01	6.375577e+02
3.030000e-06	9.411782e-09	2.511593e-09	4.901913e+01	6.387553e+02
3.040000e-06	9.458810e-09	2.515701e-09	4.926406e+01	6.398001e+02
3.050000e-06	9.505192e-09	2.519774e-09	4.950563e+01	6.408360e+02
3.060000e-06	9.550906e-09	2.524011e-09	4.974372e+01	6.419137e+02
3.070000e-06	9.595949e-09	2.528287e-09	4.997832e+01	6.430010e+02
3.080000e-06	9.640383e-09	2.532906e-09	5.020975e+01	6.441757e+02
3.090000e-06	9.684294e-09	2.537630e-09	5.043845e+01	6.453772e+02
3.100000e-06	9.727683e-09	2.541864e-09	5.066443e+01	6.464541e+02
3.110000e-06	9.770400e-09	2.545411e-09	5.088691e+01	6.473561e+02
3.120000e-06	9.812231e-09	2.548715e-09	5.110478e+01	6.481962e+02
3.130000e-06	9.853116e-09	2.552300e-09	5.131772e+01	6.491080e+02
3.140000e-06	9.893186e-09	2.556137e-09	5.152641e+01	6.500838e+02
3.150000e-06	9.932583e-09	2.560385e-09	5.173161e+01	6.511643e+02
3.160000e-06	9.971336e-09	2.564822e-09	5.193344e+01	6.522928e+02
3.170000e-06	1.000940e-08	2.568819e-09	5.213169e+01	6.533093e+02
3.180000e-06	1.004674e-08	2.572217e-09	5.232614e+01	6.541734e+02
3.190000e-06	1.008337e-08	2.575114e-09	5.251693e+01	6.549102e+02
3.200000e-06	1.011939e-08	2.578121e-09	5.270456e+01	6.556749e+02
3.210000e-06	1.015487e-08	2.581074e-09	5.288932e+01	6.564261e+02
3.220000e-06	1.018968e-08	2.584024e-09	5.307062e+01	6.571762e+02
3.230000e-06	1.022360e-08	2.587373e-09	5.324729e+01	6.580280e+02
3.240000e-06	1.025655e-08	2.590268e-09	5.341890e+01	6.587643e+02
3.250000e-06	1.028866e-08	2.592755e-09	5.358618e+01	6.593966e+02
3.260000e-06	1.032011e-08	2.595256e-09	5.374996e+01	6.600327e+02
3.270000e-06	1.035090e-08	2.597598e-09	5.391030e+01	6.606284e+02
3.280000e-06	1.038098e-08	2.599902e-09	5.406697e+01	6.612145e+02
3.290000e-06	1.041032e-08	2.602591e-09	5.421978e+01	6.618981e+02
3.300000e-06	1.043893e-08	2.605545e-09	5.436879e+01	6.626494e+02
3.310000e-06	1.046691e-08	2.608128e-09	5.451456e+01	6.633065e+02
3.320000e-06	1.049435e-08	2.610317e-09	5.465744e+01	6.638632e+02
3.330000e-06	1.052104e-08	2.612041e-09	5.479643e+01	6.643015e+02
3.340000e-06	1.054670e-08	2.613484e-09	5.493011e+01	6.646685e+02
3.350000e-06	1.057134e-08	2.615548e-09	5.505841e+01	6.651935e+02
3.360000e-06	1.059516e-08	2.618068e-09	5.518249e+01	6.658344e+02
3.370000e-06	1.061830e-08	2.620576e-09	5.530303e+01	6.664721e+02
3.380000e-06	1.064074e-08	2.622671e-09	5.541990e+01	6.670051e+02
3.390000e-06	1.066245e-08	2.623895e-09	5.553294e+01	6.673164e+02
3.400000e-06	1.068341e-08	2.624654e-09	5.564212e+01	6.675095e+02
3.410000e-06	1.070368e-08	2.625194e-09	5.574768e+01	6.676466e+02
3.420000e-06	1.072337e-08	2.625806e-09	5.585023e+01	6.678022e+02
3.430000e-06	1.074244e-08	2.627051e-09	5.594956e+01	6.681189e+02
3.440000e-06	1.076070e-08	2.628990e-09	5.604467e+01	6.686121e+02
3.450000e-06	1.077809e-08	2.631051e-09	5.613526e+01	6.691361e+02
3.460000e-06	1.079472e-08	2.632892e-09	5.622186e+01	6.696046e+02
3.470000e-06	1.081058e-08	2.633988e-09	5.630444e+01	6.698833e+02
3.480000e-06	1.082554e-08	2.634256e-09	5.638235e+01	6.699514e+02
3.490000e-06	1.083961e-08	2.634539e-09	5.645564e+01	6.700235e+02
3.500000e-06	1.085288e-08	2.635015e-09	5.652476e+01	6.701445e+02
3.510000e-06	1.086538e-08	2.636072e-09	5.658986e+01	6.704132e+02
3.520000e-06	1.087712e-08	2.637795e-09	5.665104e+01	6.708513e+02
3.530000e-06	1.088801e-08	2.639273e-09	5.670775e+01	6.712274e+02
3.540000e-06	1.089780e-08	2.639868e-09	5.675871e+01	6.713787e+02
3.550000e-06	1.090647e-08	2.639903e-09	5.680387e+01	6.713875e+02
3.560000e-06	1.091432e-08	2.640325e-09	5.684476e+01	6.714948e+02
3.570000e-06	1.092150e-08	2.640802e-09	5.688217e+01	6.716163e+02
3.580000e-06	1.092795e-08	2.641280e-09	5.691574e+01	6.717377e+02
3.590000e-06	1.093360e-08	2.642204e-09	5.694519e+01	6.719728e+02
3.600000e-06	1.093847e-08	2.643099e-09	5.697053e+01	6.722003e+02
3.610000e-06	1.094264e-08	2.643649e-09	5.699227e+01	6.723402e+02
3.620000e-06	1.094626e-08	2.643661e-09	5.701111e+01	6.723433e+02
3.630000e-06	1.094920e-08	2.643334e-09	5.702643e+01	6.722601e+02
3.640000e-06	1.095115e-08	2.643247e-09	5.703661e+01	6.722380e+02
3.650000e-06	1.095203e-08	2.643510e-09	5.704115e+01	6.723048e+02
3.660000e-06	1.095205e-08	2.643835e-09	5.704129e+01	6.723875e+02
3.670000e-06	1.095143e-08	2.644493e-09	5.703807e+01	6.725549e+02
3.680000e-06	1.095013e-08	2.645287e-09	5.703125e+01	6.727568e+02
3.690000e-06	1.094809e-08	2.645652e-09	5.702068e+01	6.728496e+02
3.700000e-06	1.094536e-08	2.645780e-09	5.700645e+01	6.728822e+02
3.710000e-06	1.094193e-08	2.645150e-09	5.698859e+01	6.727221e+02
3.720000e-06	1.093792e-08	2.643738e-09	5.696770e+01	6.723629e+02
3.730000e-06	1.093343e-08	2.642475e-09	5.694429e+01	6.720416e+02
3.740000e-06	1.092827e-08	2.640177e-09	5.691743e+01	6.714573e+02
3.750000e-06	1.092213e-08	2.638338e-09	5.688544e+01	6.709894e+02
3.760000e-06	1.091478e-08	2.646229e-09	5.684718e+01	6.729964e+02
3.770000e-06	1.090613e-08	2.659666e-09	5.680209e+01	6.764137e+02
3.780000e-06	1.089613e-08	2.652783e-09	5.675004e+01	6.746633e+02
3.790000e-06	1.088526e-08	2.623744e-09	5.669340e+01	6.672779e+02
3.800000e-06	1.087420e-08	2.613288e-09	5.663582e+01	6.646186e+02
3.810000e-06	1.086293e-08	2.640527e-09	5.657712e+01	6.715461e+02
3.820000e-06	1.085067e-08	2.657895e-09	5.651326e+01	6.759633e+02
3.830000e-06	1.083711e-08	2.635920e-09	5.644266e+01	6.703745e+02
3.840000e-06	1.082274e-08	2.629509e-09	5.636781e+01	6.687441e+02
3.850000e-06	1.080774e-08	2.655594e-09	5.628969e+01	6.753782e+02
3.860000e-06	1.079181e-08	2.651295e-09	5.620672e+01	6.742847e+02
3.870000e-06	1.077502e-08	2.622089e-09	5.611928e+01	6.668570e+02
3.880000e-06	1.075767e-08	2.636585e-09	5.602890e+01	6.705437e+02
3.890000e-06	1.073963e-08	2.665302e-09	5.593496e+01	6.778470e+02
3.900000e-06	1.072070e-08	2.645634e-09	5.583636e+01	6.728451e+02
3.910000e-06	1.070104e-08	2.629084e-09	5.573396e+01	6.686361e+02
3.920000e-06	1.068078e-08	2.652668e-09	5.562845e+01	6.746338e+02
3.930000e-06	1.065965e-08	2.653419e-09	5.551837e+01	6.748250e+02
3.940000e-06	1.063740e-08	2.630090e-09	5.540250e+01	6.688919e+02
3.950000e-06	1.061419e-08	2.652062e-09	5.528160e+01	6.744798e+02
3.960000e-06	1.059025e-08	2.683870e-09	5.515691e+01	6.825693e+02
3.970000e-06	1.056566e-08	2.666673e-09	5.502886e+01	6.781958e+02
3.980000e-06	1.054040e-08	2.661733e-09	5.489730e+01	6.769393e+02
3.990000e-06	1.051439e-08	2.684594e-09	5.476185e+01	6.827534e+02
4.000000e-06	1.048761e-08	2.666111e-09	5.462237e+01	6.780527e+02
4.010000e-06	1.046012e-08	2.642688e-09	5.447919e+01	6.720957e+02
4.020000e-06	1.043204e-08	2.663955e-09	5.433294e+01	6.775046e+02
4.030000e-06	1.040340e-08	2.662401e-09	5.418376e+01	6.771093e+02
4.040000e-06	1.037393e-08	2.637685e-09	5.403029e+01	6.708235e+02
4.050000e-06	1.034336e-08	2.653162e-09	5.387106e+01	6.747595e+02
4.060000e-06	1.031179e-08	2.659248e-09	5.370665e+01	6.763075e+02
4.070000e-06	1.027946e-08	2.634019e-09	5.353825e+01	6.698911e+02
4.080000e-06	1.024635e-08	2.639697e-09	5.336581e+01	6.713352e+02
4.090000e-06	1.021249e-08	2.642645e-09	5.318947e+01	6.720850e+02
4.100000e-06	1.017802e-08	2.621266e-09	5.300992e+01	6.666478e+02
4.110000e-06	1.014293e-08	2.627325e-09	5.282715e+01	6.681885e+02
4.120000e-06	1.010721e-08	2.630502e-09	5.264114e+01	6.689966e+02
4.130000e-06	1.007094e-08	2.615790e-09	5.245221e+01	6.652549e+02
4.140000e-06	1.003399e-08	2.622032e-09	5.225977e+01	6.668424e+02
4.150000e-06	9.996100e-09	2.620941e-09	5.206244e+01	6.665651e+02
4.160000e-06	9.957217e-09	2.606396e-09	5.185992e+01	6.628660e+02
4.170000e-06	9.917514e-09	2.613302e-09	5.165314e+01	6.646224e+02
4.180000e-06	9.877133e-09	2.615274e-09	5.144283e+01	6.651237e+02
4.190000e-06	9.836095e-09	2.603302e-09	5.122909e+01	6.620792e+02
4.200000e-06	9.794359e-09	2.605683e-09	5.101171e+01	6.626845e+02
4.210000e-06	9.751899e-09	2.607444e-09	5.079057e+01	6.631326e+02
4.220000e-06	9.708726e-09	2.597923e-09	5.056571e+01	6.607111e+02
4.230000e-06	9.664922e-09	2.594305e-09	5.033757e+01	6.597909e+02
4.240000e-06	9.620581e-09	2.593225e-09	5.010663e+01	6.595161e+02
4.250000e-06	9.575692e-09	2.588451e-09	4.987283e+01	6.583020e+02
4.260000e-06	9.530152e-09	2.585581e-09	4.963565e+01	6.575722e+02
4.270000e-06	9.483912e-09	2.584251e-09	4.939482e+01	6.572340e+02
4.280000e-06	9.436979e-09	2.581880e-09	4.915037e+01	6.566310e+02
4.290000e-06	9.389346e-09	2.578393e-09	4.890229e+01	6.557442e+02
4.300000e-06	9.341012e-09	2.573848e-09	4.865055e+01	6.545882e+02
4.310000e-06	9.291946e-09	2.570338e-09	4.839500e+01	6.536955e+02
4.320000e-06	9.242094e-09	2.567680e-09	4.813537e+01	6.530196e+02
4.330000e-06	9.191480e-09	2.563780e-09	4.787175e+01	6.520278e+02
4.340000e-06	9.140153e-09	2.560571e-09	4.760443e+01	6.512115e+02
4.350000e-06	9.088083e-09	2.559109e-09	4.733323e+01	6.508398e+02
4.360000e-06	9.035194e-09	2.555294e-09	4.705777e+01	6.498695e+02
4.370000e-06	8.981428e-09	2.550160e-09	4.677775e+01	6.485639e+02
4.380000e-06	8.926805e-09	2.547526e-09	4.649326e+01	6.478939e+02
4.390000e-06	8.871431e-09	2.543030e-09	4.620486e+01	6.467504e+02
4.400000e-06	8.815419e-09	2.537109e-09	4.591313e+01	6.452447e+02
4.410000e-06	8.758838e-09	2.535054e-09	4.561844e+01	6.447220e+02
4.420000e-06	8.701707e-09	2.533236e-09	4.532088e+01	6.442596e+02
4.430000e-06	8.643983e-09	2.528990e-09	4.502024e+01	6.431799e+02
4.440000e-06	8.585620e-09	2.525566e-09	4.471627e+01	6.423090e+02
4.450000e-06	8.526650e-09	2.522100e-09	4.440914e+01	6.414275e+02
4.460000e-06	8.467120e-09	2.516449e-09	4.409909e+01	6.399903e+02
4.470000e-06	8.407018e-09	2.510874e-09	4.378606e+01	6.385725e+02
4.480000e-06	8.346288e-09	2.506901e-09	4.346977e+01	6.375620e+02
4.490000e-06	8.284864e-09	2.502462e-09	4.314985e+01	6.364332e+02
4.500000e-06	8.222711e-09	2.497790e-09	4.282614e+01	6.352448e+02
4.510000e-06	8.159851e-09	2.494368e-09	4.249875e+01	6.343748e+02
4.520000e-06	8.096338e-09	2.490876e-09	4.216796e+01	6.334865e+02
4.530000e-06	8.032228e-09	2.485973e-09	4.183405e+01	6.322397e+02
4.540000e-06	7.967583e-09	2.480677e-09	4.149737e+01	6.308928e+02
4.550000e-06	7.902458e-09	2.475900e-09	4.115818e+01	6.296779e+02
4.560000e-06	7.836834e-09	2.471470e-09	4.081639e+01	6.285513e+02
4.570000e-06	7.770654e-09	2.466663e-09	4.047171e+01	6.273287e+02
4.580000e-06	7.703918e-09	2.461552e-09	4.012412e+01	6.260287e+02
4.590000e-06	7.636689e-09	2.456636e-09	3.977398e+01	6.247786e+02
4.600000e-06	7.568967e-09	2.451518e-09	3.942126e+01	6.234768e+02
4.610000e-06	7.500682e-09	2.446106e-09	3.906561e+01	6.221006e+02
4.620000e-06	7.431804e-09	2.440598e-09	3.870688e+01	6.206997e+02
4.630000e-06	7.362351e-09	2.435318e-09	3.834515e+01	6.193569e+02
4.640000e-06	7.292304e-09	2.430221e-09	3.798033e+01	6.180605e+02
4.650000e-06	7.221627e-09	2.425023e-09	3.761222e+01	6.167386e+02
4.660000e-06	7.150344e-09	2.419719e-09	3.724096e+01	6.153897e+02
4.670000e-06	7.078519e-09	2.414114e-09	3.686688e+01	6.139642e+02
4.680000e-06	7.006228e-09	2.407893e-09	3.649037e+01	6.123821e+02
4.690000e-06	6.933520e-09	2.401501e-09	3.611168e+01	6.107564e+02
4.700000e-06	6.860367e-09	2.395682e-09	3.573068e+01	6.092766e+02
4.710000e-06	6.786708e-09	2.390479e-09	3.534704e+01	6.079533e+02
4.720000e-06	6.712546e-09	2.384958e-09	3.496079e+01	6.065491e+02
4.730000e-06	6.637899e-09	2.378840e-09	3.457201e+01	6.049933e+02
4.740000e-06	6.562754e-09	2.372444e-09	3.418063e+01	6.033665e+02
4.750000e-06	6.487116e-09	2.365789e-09	3.378669e+01	6.016742e+02
4.760000e-06	6.410945e-09	2.359188e-09	3.338997e+01	5.999953e+02
4.770000e-06	6.334167e-09	2.352846e-09	3.299009e+01	5.983823e+02
4.780000e-06	6.256820e-09	2.346412e-09	3.258725e+01	5.967462e+02
4.790000e-06	6.178978e-09	2.339934e-09	3.218183e+01	5.950987e+02
4.800000e-06	6.100631e-09	2.333728e-09	3.177378e+01	5.935204e+02
4.810000e-06	6.021783e-09	2.327448e-09	3.136312e+01	5.919231e+02
4.820000e-06	5.942493e-09	2.320530e-09	3.095016e+01	5.901638e+02
4.830000e-06	5.862786e-09	2.313124e-09	3.053502e+01	5.882801e+02
4.840000e-06	5.782630e-09	2.305967e-09	3.011754e+01	5.864599e+02
4.850000e-06	5.702003e-09	2.299235e-09	2.969761e+01	5.847479e+02
4.860000e-06	5.620919e-09	2.292781e-09	2.927531e+01	5.831065e+02
4.870000e-06	5.539417e-09	2.286251e-09	2.885082e+01	5.814458e+02
4.880000e-06	5.457552e-09	2.278968e-09	2.842444e+01	5.795936e+02
4.890000e-06	5.375361e-09	2.271206e-09	2.799637e+01	5.776194e+02
4.900000e-06	5.292843e-09	2.263841e-09	2.756660e+01	5.757463e+02
4.910000e-06	5.209996e-09	2.256665e-09	2.713510e+01	5.739215e+02
4.920000e-06	5.126838e-09	2.249284e-09	2.670199e+01	5.720442e+02
4.930000e-06	5.043393e-09	2.241671e-09	2.626739e+01	5.701079e+02
4.940000e-06	4.959659e-09	2.233918e-09	2.583127e+01	5.681362e+02
4.950000e-06	4.875600e-09	2.226256e-09	2.539347e+01	5.661876e+02
4.960000e-06	4.791185e-09	2.218810e-09	2.495381e+01	5.642940e+02
4.970000e-06	4.706403e-09	2.210892e-09	2.451225e+01	5.622803e+02
4.980000e-06	4.621260e-09	2.202253e-09	2.406880e+01	5.600831e+02
4.990000e-06	4.535759e-09	2.194007e-09	2.362349e+01	5.579859e+02
5.000000e-06	4.449883e-09	2.186474e-09	2.317622e+01	5.560701e+02
5.010000e-06	4.363616e-09	2.179105e-09	2.272693e+01	5.541961e+02
5.020000e-06	4.276984e-09	2.171308e-09	2.227573e+01	5.522132e+02
5.030000e-06	4.190027e-09	2.162564e-09	2.182283e+01	5.499894e+02
5.040000e-06	4.102761e-09	2.153633e-09	2.136833e+01	5.477179e+02
5.050000e-06	4.015180e-09	2.145040e-09	2.091218e+01	5.455326e+02
5.060000e-06	3.927273e-09	2.136407e-09	2.045433e+01	5.433370e+02
5.070000e-06	3.839064e-09	2.127666e-09	1.999492e+01	5.411139e+02
5.080000e-06	3.750589e-09	2.118798e-09	1.953411e+01	5.388586e+02
5.090000e-06	3.661866e-09	2.109822e-09	1.907202e+01	5.365759e+02
5.100000e-06	3.572911e-09	2.101231e-09	1.860872e+01	5.343909e+02
5.110000e-06	3.483733e-09	2.092427e-09	1.814425e+01	5.321519e+02
5.120000e-06	3.394333e-09	2.082543e-09	1.767863e+01	5.296381e+02
5.130000e-06	3.304709e-09	2.072504e-09	1.721184e+01	5.270849e+02
5.140000e-06	3.214854e-09	2.063299e-09	1.674385e+01	5.247439e+02
5.150000e-06	3.124760e-09	2.054538e-09	1.627462e+01	5.225158e+02
5.160000e-06	3.034435e-09	2.045327e-09	1.580418e+01	5.201733e+02
5.170000e-06	2.943912e-09	2.035589e-09	1.533271e+01	5.176967e+02
5.180000e-06	2.853222e-09	2.025266e-09	1.486038e+01	5.150713e+02
5.190000e-06	2.762386e-09	2.014573e-09	1.438727e+01	5.123517e+02
5.200000e-06	2.671407e-09	2.004214e-09	1.391343e+01	5.097173e+02
5.210000e-06	2.580281e-09	1.993805e-09	1.343882e+01	5.070702e+02
5.220000e-06	2.489002e-09	1.982714e-09	1.296341e+01	5.042493e+02
5.230000e-06	2.397563e-09	1.971673e-09	1.248717e+01	5.014414e+02
5.240000e-06	2.305967e-09	1.960932e-09	1.201011e+01	4.987098e+02
5.250000e-06	2.214209e-09	1.950421e-09	1.153221e+01	4.960366e+02
5.260000e-06	2.122277e-09	1.939702e-09	1.105340e+01	4.933105e+02
5.270000e-06	2.030167e-09	1.928015e-09	1.057367e+01	4.903381e+02
5.280000e-06	1.937878e-09	1.916132e-09	1.009300e+01	4.873161e+02
5.290000e-06	1.845401e-09	1.904808e-09	9.611351e+00	4.844360e+02
5.300000e-06	1.752750e-09	1.893394e-09	9.128798e+00	4.815333e+02
5.310000e-06	1.659947e-09	1.881467e-09	8.645456e+00	4.784999e+02
5.320000e-06	1.567027e-09	1.869661e-09	8.161503e+00	4.754974e+02
5.330000e-06	1.474027e-09	1.857633e-09	7.677134e+00	4.724385e+02
5.340000e-06	1.380959e-09	1.845116e-09	7.192413e+00	4.692551e+02
5.350000e-06	1.287819e-09	1.832656e-09	6.707313e+00	4.660863e+02
5.360000e-06	1.194593e-09	1.819776e-09	6.221768e+00	4.628106e+02
5.370000e-06	1.101275e-09	1.806096e-09	5.735743e+00	4.593314e+02
5.380000e-06	1.007863e-09	1.792584e-09	5.249230e+00	4.558949e+02
5.390000e-06	9.143628e-10	1.779696e-09	4.762257e+00	4.526172e+02
5.400000e-06	8.207896e-10	1.766605e-09	4.274904e+00	4.492880e+02
5.410000e-06	7.271479e-10	1.753020e-09	3.787193e+00	4.458329e+02
5.420000e-06	6.334389e-10	1.739437e-09	3.299133e+00	4.423784e+02
5.430000e-06	5.396744e-10	1.725516e-09	2.810784e+00	4.388379e+02
5.440000e-06	4.458655e-10	1.710965e-09	2.322203e+00	4.351374e+02
5.450000e-06	3.520275e-10	1.696226e-09	1.833471e+00	4.313889e+02
5.460000e-06	2.581878e-10	1.681288e-09	1.344730e+00	4.275898e+02
5.470000e-06	1.643655e-10	1.665977e-09	8.560793e-01	4.236958e+02
5.480000e-06	7.056196e-11	1.650655e-09	3.675266e-01	4.197992e+02
5.490000e-06	-2.322572e-11	1.635329e-09	-1.209436e-01	4.159016e+02
5.500000e-06	-1.169988e-10	1.619373e-09	-6.093379e-01	4.118436e+02
5.510000e-06	-2.107594e-10	1.602684e-09	-1.097667e+00	4.075990e+02
5.520000e-06	-3.045100e-10	1.585467e-09	-1.585944e+00	4.032205e+02
5.530000e-06	-3.982500e-10	1.568016e-09	-2.074166e+00	3.987821e+02
5.540000e-06	-4.919823e-10	1.550565e-09	-2.562348e+00	3.943441e+02
5.550000e-06	-5.857012e-10	1.532574e-09	-3.050460e+00	3.897685e+02
5.560000e-06	-6.793847e-10	1.513934e-09	-3.538388e+00	3.850279e+02
5.570000e-06	-7.730146e-10	1.494986e-09	-4.026036e+00	3.802090e+02
5.580000e-06	-8.665863e-10	1.475544e-09	-4.513382e+00	3.752645e+02
5.590000e-06	-9.600860e-10	1.455493e-09	-5.000352e+00	3.701652e+02
5.600000e-06	-1.053484e-09	1.434399e-09	-5.486792e+00	3.648003e+02
5.610000e-06	-1.146769e-09	1.412500e-09	-5.972644e+00	3.592309e+02
5.620000e-06	-1.239930e-09	1.390088e-09	-6.457855e+00	3.535310e+02
5.630000e-06	-1.332963e-09	1.366699e-09	-6.942394e+00	3.475828e+02
5.640000e-06	-1.425877e-09	1.342645e-09	-7.426315e+00	3.414653e+02
5.650000e-06	-1.518681e-09	1.318089e-09	-7.909663e+00	3.352202e+02
5.660000e-06	-1.611379e-09	1.292360e-09	-8.392461e+00	3.286765e+02
5.670000e-06	-1.703969e-09	1.265300e-09	-8.874695e+00	3.217946e+02
5.680000e-06	-1.796438e-09	1.237531e-09	-9.356298e+00	3.147323e+02
5.690000e-06	-1.888770e-09	1.208903e-09	-9.837189e+00	3.074516e+02
5.700000e-06	-1.980949e-09	1.178763e-09	-1.031728e+01	2.997863e+02
5.710000e-06	-2.072965e-09	1.147497e-09	-1.079653e+01	2.918346e+02
5.720000e-06	-2.164814e-09	1.115242e-09	-1.127490e+01	2.836315e+02
5.730000e-06	-2.256489e-09	1.081391e-09	-1.175237e+01	2.750223e+02
5.740000e-06	-2.347984e-09	1.046043e-09	-1.222890e+01	2.660327e+02
5.750000e-06	-2.439294e-09	1.009173e-09	-1.270447e+01	2.566556e+02
5.760000e-06	-2.530417e-09	9.700420e-10	-1.317907e+01	2.467038e+02
5.770000e-06	-2.621358e-09	9.285604e-10	-1.365272e+01	2.361541e+02
5.780000e-06	-2.712126e-09	8.846771e-10	-1.412546e+01	2.249936e+02
5.790000e-06	-2.802729e-09	8.381579e-10	-1.459735e+01	2.131627e+02
5.800000e-06	-2.893165e-09	7.890775e-10	-1.506837e+01	2.006804e+02
5.810000e-06	-2.983434e-09	7.367274e-10	-1.553851e+01	1.873666e+02
5.820000e-06	-3.073529e-09	6.798455e-10	-1.600775e+01	1.729002e+02
5.830000e-06	-3.163437e-09	6.178489e-10	-1.647602e+01	1.571331e+02
5.840000e-06	-3.253143e-09	5.502744e-10	-1.694323e+01	1.399473e+02
5.850000e-06	-3.342634e-09	4.764774e-10	-1.740932e+01	1.211791e+02
5.860000e-06	-3.431895e-09	3.965842e-10	-1.787422e+01	1.008604e+02
5.870000e-06	-3.520919e-09	3.107448e-10	-1.833789e+01	7.902950e+01
5.880000e-06	-3.609698e-09	2.187718e-10	-1.880027e+01	5.563865e+01
5.890000e-06	-3.698217e-09	1.211334e-10	-1.926130e+01	3.080697e+01
5.900000e-06	-3.786455e-09	1.849290e-11	-1.972087e+01	4.703167e+00
5.910000e-06	-3.874394e-09	-8.848685e-11	-2.017889e+01	-2.250422e+01
5.920000e-06	-3.962024e-09	-1.983648e-10	-2.063529e+01	-5.044868e+01
5.930000e-06	-4.049337e-09	-3.093488e-10	-2.109004e+01	-7.867445e+01
5.940000e-06	-4.136332e-09	-4.199692e-10	-2.154313e+01	-1.068077e+02
5.950000e-06	-4.223013e-09	-5.288716e-10	-2.199459e+01	-1.345041e+02
5.960000e-06	-4.309389e-09	-6.345735e-10	-2.244446e+01	-1.613865e+02
5.970000e-06	-4.395464e-09	-7.359507e-10	-2.289276e+01	-1.871690e+02
5.980000e-06	-4.481218e-09	-8.328215e-10	-2.333939e+01	-2.118055e+02
5.990000e-06	-4.566617e-09	-9.252973e-10	-2.378417e+01	-2.353242e+02
6.000000e-06	-4.651624e-09	-1.013199e-09	-2.422690e+01	-2.576796e+02
6.010000e-06	-4.736229e-09	-1.096455e-09	-2.466755e+01	-2.788535e+02
6.020000e-06	-4.820443e-09	-1.174979e-09	-2.510616e+01	-2.988239e+02
6.030000e-06	-4.904297e-09	-1.248990e-09	-2.554290e+01	-3.176465e+02
6.040000e-06	-4.987813e-09	-1.318775e-09	-2.597787e+01	-3.353946e+02
6.050000e-06	-5.071009e-09	-1.383982e-09	-2.641118e+01	-3.519781e+02
6.060000e-06	-5.153897e-09	-1.444805e-09	-2.684289e+01	-3.674469e+02
6.070000e-06	-5.236474e-09	-1.501632e-09	-2.727297e+01	-3.818992e+02
6.080000e-06	-5.318730e-09	-1.554377e-09	-2.770139e+01	-3.953134e+02
6.090000e-06	-5.400652e-09	-1.603876e-09	-2.812805e+01	-4.079023e+02
6.100000e-06	-5.482222e-09	-1.651031e-09	-2.855290e+01	-4.198947e+02
6.110000e-06	-5.563443e-09	-1.695686e-09	-2.897592e+01	-4.312517e+02
6.120000e-06	-5.644301e-09	-1.737541e-09	-2.939705e+01	-4.418963e+02
6.130000e-06	-5.724743e-09	-1.776906e-09	-2.981602e+01	-4.519077e+02
6.140000e-06	-5.804711e-09	-1.814150e-09	-3.023251e+01	-4.613798e+02
6.150000e-06	-5.884165e-09	-1.848950e-09	-3.064633e+01	-4.702300e+02
6.160000e-06	-5.963103e-09	-1.881036e-09	-3.105746e+01	-4.783904e+02
6.170000e-06	-6.041541e-09	-1.910995e-09	-3.146599e+01	-4.860097e+02
6.180000e-06	-6.119483e-09	-1.939433e-09	-3.187193e+01	-4.932421e+02
6.190000e-06	-6.196902e-09	-1.966618e-09	-3.227514e+01	-5.001557e+02
6.200000e-06	-6.273764e-09	-1.992465e-09	-3.267546e+01	-5.067293e+02
6.210000e-06	-6.350066e-09	-2.016818e-09	-3.307286e+01	-5.129227e+02
6.220000e-06	-6.425858e-09	-2.039838e-09	-3.346761e+01	-5.187773e+02
6.230000e-06	-6.501185e-09	-2.061294e-09	-3.385993e+01	-5.242340e+02
6.240000e-06	-6.576056e-09	-2.081279e-09	-3.424988e+01	-5.293167e+02
6.250000e-06	-6.650453e-09	-2.100606e-09	-3.463736e+01	-5.342320e+02
6.260000e-06	-6.724361e-09	-2.119538e-09	-3.502229e+01	-5.390468e+02
6.270000e-06	-6.797804e-09	-2.137507e-09	-3.540480e+01	-5.436169e+02
6.280000e-06	-6.870812e-09	-2.154607e-09	-3.578505e+01	-5.479658e+02
6.290000e-06	-6.943383e-09	-2.170710e-09	-3.616302e+01	-5.520611e+02
6.300000e-06	-7.015480e-09	-2.185265e-09	-3.653853e+01	-5.557627e+02
6.310000e-06	-7.087060e-09	-2.198708e-09	-3.691134e+01	-5.591817e+02
6.320000e-06	-7.158088e-09	-2.211293e-09	-3.728127e+01	-5.623822e+02
6.330000e-06	-7.228539e-09	-2.223678e-09	-3.764820e+01	-5.655321e+02
6.340000e-06	-7.298411e-09	-2.236471e-09	-3.801211e+01	-5.687856e+02
6.350000e-06	-7.367715e-09	-2.249312e-09	-3.837306e+01	-5.720514e+02
6.360000e-06	-7.436459e-09	-2.261689e-09	-3.873110e+01	-5.751990e+02
6.370000e-06	-7.504660e-09	-2.273392e-09	-3.908631e+01	-5.781754e+02
6.380000e-06	-7.572355e-09	-2.284473e-09	-3.943888e+01	-5.809935e+02
6.390000e-06	-7.639570e-09	-2.294538e-09	-3.978896e+01	-5.835533e+02
6.400000e-06	-7.706285e-09	-2.303451e-09	-4.013642e+01	-5.858201e+02
6.410000e-06	-7.772453e-09	-2.312002e-09	-4.048105e+01	-5.879948e+02
6.420000e-06	-7.838063e-09	-2.320494e-09	-4.082276e+01	-5.901544e+02
6.430000e-06	-7.903144e-09	-2.329394e-09	-4.116172e+01	-5.924179e+02
6.440000e-06	-7.967707e-09	-2.339150e-09	-4.149799e+01	-5.948993e+02
6.450000e-06	-8.031727e-09	-2.348632e-09	-4.183142e+01	-5.973108e+02
6.460000e-06	-8.095167e-09	-2.357621e-09	-4.216184e+01	-5.995968e+02
6.470000e-06	-8.157972e-09	-2.366128e-09	-4.248894e+01	-6.017603e+02
6.480000e-06	-8.220097e-09	-2.373934e-09	-4.281250e+01	-6.037457e+02
6.490000e-06	-8.281558e-09	-2.380701e-09	-4.313261e+01	-6.054666e+02
6.500000e-06	-8.342396e-09	-2.386429e-09	-4.344947e+01	-6.069233e+02
6.510000e-06	-8.402639e-09	-2.391809e-09	-4.376323e+01	-6.082915e+02
6.520000e-06	-8.462319e-09	-2.397763e-09	-4.407406e+01	-6.098057e+02
6.530000e-06	-8.521443e-09	-2.405731e-09	-4.438200e+01	-6.118322e+02
6.540000e-06	-8.579967e-09	-2.415012e-09	-4.468681e+01	-6.141925e+02
6.550000e-06	-8.637844e-09	-2.423527e-09	-4.498825e+01	-6.163581e+02
6.560000e-06	-8.695099e-09	-2.430614e-09	-4.528645e+01	-6.181605e+02
6.570000e-06	-8.751774e-09	-2.436348e-09	-4.558163e+01	-6.196188e+02
6.580000e-06	-8.807860e-09	-2.441096e-09	-4.587374e+01	-6.208263e+02
6.590000e-06	-8.863290e-09	-2.445657e-09	-4.616243e+01	-6.219863e+02
6.600000e-06	-8.917969e-09	-2.450508e-09	-4.644722e+01	-6.232199e+02
6.610000e-06	-8.971830e-09	-2.456124e-09	-4.672773e+01	-6.246482e+02
6.620000e-06	-9.024879e-09	-2.462989e-09	-4.700403e+01	-6.263942e+02
6.630000e-06	-9.077177e-09	-2.470747e-09	-4.727641e+01	-6.283673e+02
6.640000e-06	-9.128779e-09	-2.478147e-09	-4.754517e+01	-6.302493e+02
6.650000e-06	-9.179700e-09	-2.484218e-09	-4.781038e+01	-6.317934e+02
6.660000e-06	-9.229875e-09	-2.488571e-09	-4.807171e+01	-6.329004e+02
6.670000e-06	-9.279196e-09	-2.491693e-09	-4.832858e+01	-6.336945e+02
6.680000e-06	-9.327609e-09	-2.495324e-09	-4.858073e+01	-6.346178e+02
6.690000e-06	-9.375170e-09	-2.500254e-09	-4.882843e+01	-6.358715e+02
6.700000e-06	-9.422011e-09	-2.505535e-09	-4.907240e+01	-6.372147e+02
6.710000e-06	-9.468242e-09	-2.510866e-09	-4.931318e+01	-6.385706e+02
6.720000e-06	-9.513882e-09	-2.516444e-09	-4.955089e+01	-6.399892e+02
6.730000e-06	-9.558937e-09	-2.521597e-09	-4.978555e+01	-6.412995e+02
6.740000e-06	-9.603444e-09	-2.525972e-09	-5.001736e+01	-6.424122e+02
6.750000e-06	-9.647428e-09	-2.529476e-09	-5.024644e+01	-6.433033e+02
6.760000e-06	-9.690855e-09	-2.532179e-09	-5.047262e+01	-6.439909e+02
6.770000e-06	-9.733668e-09	-2.535286e-09	-5.069560e+01	-6.447810e+02
6.780000e-06	-9.775822e-09	-2.539362e-09	-5.091515e+01	-6.458176e+02
6.790000e-06	-9.817296e-09	-2.544124e-09	-5.113116e+01	-6.470286e+02
6.800000e-06	-9.858120e-09	-2.549187e-09	-5.134378e+01	-6.483163e+02
6.810000e-06	-9.898335e-09	-2.553750e-09	-5.155323e+01	-6.494769e+02
6.820000e-06	-9.937875e-09	-2.557356e-09	-5.175917e+01	-6.503939e+02
6.830000e-06	-9.976564e-09	-2.560297e-09	-5.196067e+01	-6.511419e+02
6.840000e-06	-1.001430e-08	-2.563019e-09	-5.215720e+01	-6.518343e+02
6.850000e-06	-1.005118e-08	-2.565670e-09	-5.234930e+01	-6.525083e+02
6.860000e-06	-1.008740e-08	-2.568518e-09	-5.253793e+01	-6.532326e+02
6.870000e-06	-1.012301e-08	-2.571634e-09	-5.272339e+01	-6.540251e+02
6.880000e-06	-1.015795e-08	-2.575001e-09	-5.290537e+01	-6.548815e+02
6.890000e-06	-1.019218e-08	-2.578595e-09	-5.308364e+01	-6.557956e+02
6.900000e-06	-1.022569e-08	-2.581853e-09	-5.325817e+01	-6.566240e+02
6.910000e-06	-1.025852e-08	-2.584347e-09	-5.342920e+01	-6.572583e+02
6.920000e-06	-1.029074e-08	-2.586471e-09	-5.359699e+01	-6.577985e+02
6.930000e-06	-1.032226e-08	-2.588549e-09	-5.376116e+01	-6.583271e+02
6.940000e-06	-1.035285e-08	-2.590743e-09	-5.392050e+01	-6.588850e+02
6.950000e-06	-1.038241e-08	-2.593231e-09	-5.407443e+01	-6.595176e+02
6.960000e-06	-1.041110e-08	-2.595879e-09	-5.422384e+01	-6.601912e+02
6.970000e-06	-1.043913e-08	-2.598497e-09	-5.436987e+01	-6.608571e+02
6.980000e-06	-1.046653e-08	-2.601016e-09	-5.451254e+01	-6.614976e+02
6.990000e-06	-1.049318e-08	-2.603403e-09	-5.465134e+01	-6.621047e+02
7.000000e-06	-1.051904e-08	-2.605633e-09	-5.478606e+01	-6.626718e+02
7.010000e-06	-1.054416e-08	-2.607588e-09	-5.491689e+01	-6.631691e+02
7.020000e-06	-1.056866e-08	-2.609559e-09	-5.504450e+01	-6.636704e+02
7.030000e-06	-1.059261e-08	-2.611819e-09	-5.516920e+01	-6.642452e+02
7.040000e-06	-1.061579e-08	-2.613816e-09	-5.528997e+01	-6.647531e+02
7.050000e-06	-1.063795e-08	-2.615550e-09	-5.540535e+01	-6.651940e+02
7.060000e-06	-1.065908e-08	-2.617341e-09	-5.551539e+01	-6.656494e+02
7.070000e-06	-1.067945e-08	-2.619032e-09	-5.562152e+01	-6.660794e+02
7.080000e-06	-1.069922e-08	-2.620858e-09	-5.572446e+01	-6.665440e+02
7.090000e-06	-1.071828e-08	-2.622874e-09	-5.582375e+01	-6.670567e+02
7.100000e-06	-1.073660e-08	-2.624717e-09	-5.591914e+01	-6.675253e+02
7.110000e-06	-1.075416e-08	-2.626487e-09	-5.601063e+01	-6.679755e+02
7.120000e-06	-1.077100e-08	-2.628116e-09	-5.609834e+01	-6.683898e+02
7.130000e-06	-1.078724e-08	-2.629420e-09	-5.618292e+01	-6.687214e+02
7.140000e-06	-1.080279e-08	-2.630747e-09	-5.626389e+01	-6.690588e+02
7.150000e-06	-1.081729e-08	-2.632070e-09	-5.633939e+01	-6.693954e+02
7.160000e-06	-1.083061e-08	-2.633420e-09	-5.640879e+01	-6.697389e+02
7.170000e-06	-1.084300e-08	-2.635301e-09	-5.647333e+01	-6.702170e+02
7.180000e-06	-1.085462e-08	-2.637019e-09	-5.653385e+01	-6.706541e+02
7.190000e-06	-1.086547e-08	-2.638010e-09	-5.659036e+01	-6.709061e+02
7.200000e-06	-1.087556e-08	-2.638845e-09	-5.664288e+01	-6.711184e+02
7.210000e-06	-1.088486e-08	-2.639851e-09	-5.669135e+01	-6.713742e+02
7.220000e-06	-1.089347e-08	-2.640720e-09	-5.673617e+01	-6.715953e+02
7.230000e-06	-1.090147e-08	-2.641346e-09	-5.677786e+01	-6.717545e+02
7.240000e-06	-1.090871e-08	-2.641950e-09	-5.681556e+01	-6.719080e+02
7.250000e-06	-1.091488e-08	-2.642319e-09	-5.684771e+01	-6.720020e+02
7.260000e-06	-1.092001e-08	-2.642882e-09	-5.687439e+01	-6.721451e+02
7.270000e-06	-1.092439e-08	-2.644105e-09	-5.689721e+01	-6.724562e+02
7.280000e-06	-1.092817e-08	-2.645145e-09	-5.691692e+01	-6.727206e+02
7.290000e-06	-1.093126e-08	-2.645665e-09	-5.693300e+01	-6.728529e+02
7.300000e-06	-1.093364e-08	-2.646492e-09	-5.694539e+01	-6.730633e+02
7.310000e-06	-1.093525e-08	-2.647859e-09	-5.695378e+01	-6.734109e+02
7.320000e-06	-1.093608e-08	-2.649227e-09	-5.695810e+01	-6.737588e+02
