# Configuracion:
# Concentracion g/m^3_=_10000.0
# C_Vs_to_Am_M_A/Vsm_=_254322799225.57578
# pendiente_HvsI_1/m_=_3716.3
# ordenada_HvsI_A/m_=_1297.0
# frecuencia_ref_Hz_=_136559.57104258394
# 
Resultados:
# tau_s_=_(3.12+/-0.50)e-07
# dphi_rad_=_6.54+/-0.04
# SAR_W/g_=_747.89+/-120.25
# Hc_kA/m_=_16.94+/-2.07
# Mr_A/m_=_568.35+/-84.90
# Suceptibilidad_a_M=0_=_0.1313+/-0.0360

Nombre_archivo	Time_m	Temperatura_(ºC)	Mr_(A/m)	Hc_(kA/m)	Campo_max_(A/m)	Mag_max_(A/m)	f0	mag0	dphi0	SAR_(W/g)	Tau_(s)	N	xi_M_0
135kHz_150dA_100Mss_Ni0009.txt	06/06/2024 11:15:45	-46.8	370.30	11.82	57041.50	821.66	1.365498e+05	6.935475e+00	6.460264e+00	506.87	2.085645e-07	4394	4.439e-02
135kHz_150dA_100Mss_Ni0010.txt	06/06/2024 11:15:45	-46.8	379.34	11.89	57041.50	816.89	1.365498e+05	6.953105e+00	6.468306e+00	530.98	2.182507e-07	4394	4.491e-02
135kHz_150dA_100Mss_Ni0011.txt	06/06/2024 11:15:46	-47.0	373.32	11.81	57041.50	814.73	1.365809e+05	6.881419e+00	6.469126e+00	527.93	2.192392e-07	4393	4.464e-02
135kHz_150dA_100Mss_Ni0012.txt	06/06/2024 11:15:46	-47.0	381.74	11.83	57041.50	827.25	1.365809e+05	6.999658e+00	6.464991e+00	525.19	2.142537e-07	4393	4.545e-02
135kHz_150dA_100Mss_Ni0013.txt	06/06/2024 11:15:47	-47.1	369.87	11.77	57041.50	813.26	1.365498e+05	6.820780e+00	6.465762e+00	513.80	2.151832e-07	4394	4.410e-02
135kHz_150dA_100Mss_Ni0014.txt	06/06/2024 11:15:47	-47.1	370.13	11.70	57041.50	814.62	1.365498e+05	6.856202e+00	6.465952e+00	517.00	2.154110e-07	4394	4.473e-02
135kHz_150dA_100Mss_Ni0015.txt	06/06/2024 11:15:48	-47.2	374.39	11.76	57041.50	800.13	1.365498e+05	6.803542e+00	6.467890e+00	518.40	2.177475e-07	4394	4.488e-02
135kHz_150dA_100Mss_Ni0016.txt	06/06/2024 11:15:48	-47.2	376.02	11.71	57041.50	806.70	1.365498e+05	6.860508e+00	6.465055e+00	514.81	2.143341e-07	4394	4.541e-02
135kHz_150dA_100Mss_Ni0017.txt	06/06/2024 11:15:49	-47.2	374.88	11.81	57041.50	782.20	1.365498e+05	6.696861e+00	6.471084e+00	518.99	2.216037e-07	4394	4.464e-02
135kHz_150dA_100Mss_Ni0018.txt	06/06/2024 11:15:49	-47.2	375.90	11.72	57041.50	793.80	1.365498e+05	6.788221e+00	6.467579e+00	516.37	2.173729e-07	4394	4.524e-02
135kHz_150dA_100Mss_Ni0019.txt	06/06/2024 11:15:50	-47.2	364.21	11.44	57041.50	820.48	1.365809e+05	6.781447e+00	6.460978e+00	497.70	2.094232e-07	4393	4.499e-02
135kHz_150dA_100Mss_Ni0020.txt	06/06/2024 11:15:51	-47.1	373.33	11.70	57041.50	787.49	1.365498e+05	6.695466e+00	6.466367e+00	506.01	2.159117e-07	4394	4.479e-02
135kHz_150dA_100Mss_Ni0021.txt	06/06/2024 11:15:51	-47.1	368.81	11.57	57041.50	795.09	1.365498e+05	6.683501e+00	6.467016e+00	506.87	2.166935e-07	4394	4.504e-02
135kHz_150dA_100Mss_Ni0022.txt	06/06/2024 11:15:52	-46.9	367.63	11.55	57041.50	794.78	1.365498e+05	6.631619e+00	6.464302e+00	495.60	2.134244e-07	4394	4.473e-02
135kHz_150dA_100Mss_Ni0023.txt	06/06/2024 11:15:52	-46.9	370.78	11.57	57041.50	777.49	1.365498e+05	6.604452e+00	6.469028e+00	506.30	2.191238e-07	4394	4.499e-02
135kHz_150dA_100Mss_Ni0024.txt	06/06/2024 11:15:53	-46.7	375.70	11.62	57041.50	789.61	1.365498e+05	6.724441e+00	6.465920e+00	506.97	2.153757e-07	4394	4.533e-02
135kHz_150dA_100Mss_Ni0025.txt	06/06/2024 11:15:53	-46.7	368.23	11.47	57041.50	794.58	1.365498e+05	6.707903e+00	6.461183e+00	492.75	2.096675e-07	4394	4.520e-02
135kHz_150dA_100Mss_Ni0026.txt	06/06/2024 11:15:54	-46.4	370.78	11.64	57041.50	782.86	1.365498e+05	6.604204e+00	6.467341e+00	501.73	2.170853e-07	4394	4.499e-02
135kHz_150dA_100Mss_Ni0027.txt	06/06/2024 11:15:54	-46.4	370.84	11.54	57041.50	772.80	1.365498e+05	6.646353e+00	6.465017e+00	498.63	2.142819e-07	4394	4.528e-02
135kHz_150dA_100Mss_Ni0028.txt	06/06/2024 11:15:55	-46.2	363.98	11.31	57041.50	803.75	1.365498e+05	6.690403e+00	6.462653e+00	495.49	2.114386e-07	4394	4.541e-02
135kHz_150dA_100Mss_Ni0029.txt	06/06/2024 11:15:55	-46.2	370.60	11.54	57041.50	771.84	1.365498e+05	6.597460e+00	6.466996e+00	500.29	2.166723e-07	4394	4.487e-02
135kHz_150dA_100Mss_Ni0030.txt	06/06/2024 11:15:56	-45.9	371.51	11.54	57041.50	756.11	1.365498e+05	6.524866e+00	6.469335e+00	501.01	2.194920e-07	4394	4.513e-02
135kHz_150dA_100Mss_Ni0031.txt	06/06/2024 11:15:56	-45.9	373.14	11.51	57041.50	768.78	1.365498e+05	6.554730e+00	6.464268e+00	489.76	2.133834e-07	4394	4.551e-02
135kHz_150dA_100Mss_Ni0032.txt	06/06/2024 11:15:57	-45.4	372.65	11.55	57041.50	758.39	1.365498e+05	6.509595e+00	6.468978e+00	498.89	2.190614e-07	4394	4.534e-02
135kHz_150dA_100Mss_Ni0033.txt	06/06/2024 11:15:57	-45.4	367.10	11.36	57041.50	779.17	1.365498e+05	6.534230e+00	6.463745e+00	486.83	2.127533e-07	4394	4.529e-02
135kHz_150dA_100Mss_Ni0034.txt	06/06/2024 11:15:58	-45.0	369.55	11.46	57041.50	764.98	1.365498e+05	6.566936e+00	6.466489e+00	496.62	2.160598e-07	4394	4.524e-02
135kHz_150dA_100Mss_Ni0035.txt	06/06/2024 11:15:58	-45.0	376.35	11.54	57041.50	781.92	1.365498e+05	6.610165e+00	6.462916e+00	490.25	2.117563e-07	4394	4.572e-02
135kHz_150dA_100Mss_Ni0036.txt	06/06/2024 11:15:59	-44.5	368.62	11.43	57041.50	752.85	1.365498e+05	6.488778e+00	6.469286e+00	498.11	2.194323e-07	4394	4.516e-02
135kHz_150dA_100Mss_Ni0037.txt	06/06/2024 11:15:59	-44.5	362.82	11.39	57041.50	768.31	1.365498e+05	6.502213e+00	6.462981e+00	482.42	2.118318e-07	4394	4.473e-02
135kHz_150dA_100Mss_Ni0038.txt	06/06/2024 11:16:00	-44.1	374.82	11.28	57041.50	776.87	1.365498e+05	6.701763e+00	6.462695e+00	496.44	2.114907e-07	4394	4.674e-02
135kHz_150dA_100Mss_Ni0039.txt	06/06/2024 11:16:01	-43.6	364.86	11.31	57041.50	776.97	1.365498e+05	6.523257e+00	6.464955e+00	489.24	2.142111e-07	4394	4.535e-02
135kHz_150dA_100Mss_Ni0040.txt	06/06/2024 11:16:01	-43.6	373.39	11.52	57041.50	750.17	1.365498e+05	6.501071e+00	6.469961e+00	500.85	2.202474e-07	4394	4.521e-02
135kHz_150dA_100Mss_Ni0041.txt	06/06/2024 11:16:02	-42.7	374.67	11.51	57041.50	760.39	1.365498e+05	6.553967e+00	6.468178e+00	500.16	2.180974e-07	4394	4.542e-02
135kHz_150dA_100Mss_Ni0042.txt	06/06/2024 11:16:02	-42.7	371.59	11.34	57041.50	762.67	1.365498e+05	6.545631e+00	6.463534e+00	487.12	2.125020e-07	4394	4.614e-02
135kHz_150dA_100Mss_Ni0043.txt	06/06/2024 11:16:03	-42.3	364.90	11.28	57041.50	765.63	1.365498e+05	6.545202e+00	6.462733e+00	484.94	2.115337e-07	4394	4.551e-02
135kHz_150dA_100Mss_Ni0044.txt	06/06/2024 11:16:03	-42.3	364.91	11.39	57041.50	765.08	1.365498e+05	6.541037e+00	6.463757e+00	487.37	2.127664e-07	4394	4.505e-02
135kHz_150dA_100Mss_Ni0045.txt	06/06/2024 11:16:04	-41.8	365.73	11.26	57041.50	758.97	1.365498e+05	6.527959e+00	6.465114e+00	490.01	2.144048e-07	4394	4.581e-02
135kHz_150dA_100Mss_Ni0046.txt	06/06/2024 11:16:04	-41.8	373.89	11.48	57041.50	754.85	1.365498e+05	6.537311e+00	6.466531e+00	494.49	2.161099e-07	4394	4.565e-02
135kHz_150dA_100Mss_Ni0047.txt	06/06/2024 11:16:05	-41.3	373.92	11.46	57041.50	766.97	1.365498e+05	6.569541e+00	6.465102e+00	493.10	2.143891e-07	4394	4.573e-02
135kHz_150dA_100Mss_Ni0048.txt	06/06/2024 11:16:05	-41.3	370.57	11.54	57041.50	761.64	1.365498e+05	6.519443e+00	6.468027e+00	497.12	2.179125e-07	4394	4.518e-02
135kHz_150dA_100Mss_Ni0049.txt	06/06/2024 11:16:06	-40.8	369.80	11.48	57041.50	765.34	1.365498e+05	6.527924e+00	6.464545e+00	488.49	2.137163e-07	4394	4.547e-02
135kHz_150dA_100Mss_Ni0050.txt	06/06/2024 11:16:07	-40.3	372.36	11.53	57041.50	768.10	1.365498e+05	6.537807e+00	6.465599e+00	492.04	2.149835e-07	4394	4.546e-02
135kHz_150dA_100Mss_Ni0051.txt	06/06/2024 11:16:07	-40.3	373.86	11.47	57041.50	780.90	1.365498e+05	6.600022e+00	6.464194e+00	492.94	2.132947e-07	4394	4.597e-02
135kHz_150dA_100Mss_Ni0052.txt	06/06/2024 11:16:08	-40.0	365.69	11.29	57041.50	788.96	1.365498e+05	6.555667e+00	6.461141e+00	481.46	2.096176e-07	4394	4.599e-02
135kHz_150dA_100Mss_Ni0053.txt	06/06/2024 11:16:08	-40.0	369.93	11.51	57041.50	774.95	1.365498e+05	6.575589e+00	6.462226e+00	485.84	2.109221e-07	4394	4.541e-02
135kHz_150dA_100Mss_Ni0054.txt	06/06/2024 11:16:09	-39.5	376.28	11.78	57041.50	753.41	1.365498e+05	6.413244e+00	6.467334e+00	487.21	2.170744e-07	4394	4.528e-02
135kHz_150dA_100Mss_Ni0055.txt	06/06/2024 11:16:09	-39.5	373.71	11.50	57041.50	773.56	1.365498e+05	6.540644e+00	6.464787e+00	490.09	2.140070e-07	4394	4.636e-02
135kHz_150dA_100Mss_Ni0056.txt	06/06/2024 11:16:10	-38.9	382.59	11.72	57041.50	744.28	1.365498e+05	6.481834e+00	6.474451e+00	511.22	2.256728e-07	4394	4.637e-02
135kHz_150dA_100Mss_Ni0057.txt	06/06/2024 11:16:11	-38.5	383.46	11.83	57041.50	764.66	1.365498e+05	6.532018e+00	6.472322e+00	509.52	2.230976e-07	4394	4.629e-02
135kHz_150dA_100Mss_Ni0058.txt	06/06/2024 11:16:11	-38.5	382.53	11.78	57041.50	785.63	1.365498e+05	6.574634e+00	6.467634e+00	500.27	2.174395e-07	4394	4.698e-02
135kHz_150dA_100Mss_Ni0059.txt	06/06/2024 11:16:12	-38.0	389.79	11.92	57041.50	772.83	1.365498e+05	6.577571e+00	6.475324e+00	521.11	2.267275e-07	4394	4.713e-02
135kHz_150dA_100Mss_Ni0060.txt	06/06/2024 11:16:12	-38.0	389.74	11.91	57041.50	775.82	1.365498e+05	6.540372e+00	6.472990e+00	511.95	2.239036e-07	4394	4.783e-02
135kHz_150dA_100Mss_Ni0061.txt	06/06/2024 11:16:13	-37.5	394.61	11.90	57041.50	776.07	1.365498e+05	6.624426e+00	6.471688e+00	515.01	2.223342e-07	4394	4.863e-02
135kHz_150dA_100Mss_Ni0062.txt	06/06/2024 11:16:13	-37.5	406.24	12.22	57041.50	752.94	1.365498e+05	6.565128e+00	6.481415e+00	536.40	2.341029e-07	4394	4.884e-02
135kHz_150dA_100Mss_Ni0063.txt	06/06/2024 11:16:14	-37.1	407.61	12.31	57041.50	761.47	1.365498e+05	6.588630e+00	6.476956e+00	526.37	2.286998e-07	4394	4.923e-02
135kHz_150dA_100Mss_Ni0064.txt	06/06/2024 11:16:14	-37.1	419.43	12.52	57041.50	756.67	1.365498e+05	6.621743e+00	6.484787e+00	550.11	2.381927e-07	4394	4.987e-02
135kHz_150dA_100Mss_Ni0065.txt	06/06/2024 11:16:15	-36.6	418.80	12.41	57041.50	772.75	1.365498e+05	6.687027e+00	6.484736e+00	555.39	2.381330e-07	4394	5.102e-02
135kHz_150dA_100Mss_Ni0066.txt	06/06/2024 11:16:15	-36.6	424.11	12.63	57041.50	764.13	1.365498e+05	6.642520e+00	6.484615e+00	551.37	2.379865e-07	4394	5.120e-02
135kHz_150dA_100Mss_Ni0067.txt	06/06/2024 11:16:16	-36.2	436.20	12.82	57041.50	788.55	1.365809e+05	6.827882e+00	6.485505e+00	569.36	2.390684e-07	4393	5.256e-02
135kHz_150dA_100Mss_Ni0068.txt	06/06/2024 11:16:16	-36.2	439.34	12.94	57041.50	778.95	1.365498e+05	6.765059e+00	6.491776e+00	581.22	2.466925e-07	4394	5.369e-02
135kHz_150dA_100Mss_Ni0069.txt	06/06/2024 11:16:17	-35.7	444.69	13.09	57041.50	780.49	1.365498e+05	6.784632e+00	6.492847e+00	585.85	2.479951e-07	4394	5.413e-02
135kHz_150dA_100Mss_Ni0070.txt	06/06/2024 11:16:17	-35.7	450.77	12.96	57041.50	804.08	1.365498e+05	6.927852e+00	6.487632e+00	583.55	2.416512e-07	4394	5.634e-02
135kHz_150dA_100Mss_Ni0071.txt	06/06/2024 11:16:18	-35.1	457.59	13.09	57041.50	790.29	1.365498e+05	6.848187e+00	6.494465e+00	595.83	2.499712e-07	4394	5.732e-02
135kHz_150dA_100Mss_Ni0072.txt	06/06/2024 11:16:18	-35.1	468.47	13.37	57041.50	795.35	1.365498e+05	6.915792e+00	6.496379e+00	607.08	2.523020e-07	4394	5.879e-02
135kHz_150dA_100Mss_Ni0073.txt	06/06/2024 11:16:19	-34.7	472.90	13.54	57041.50	790.29	1.365498e+05	6.919222e+00	6.499054e+00	614.89	2.555670e-07	4394	5.902e-02
135kHz_150dA_100Mss_Ni0074.txt	06/06/2024 11:16:19	-34.7	484.34	13.59	57041.50	794.98	1.365498e+05	7.013255e+00	6.500688e+00	627.89	2.575671e-07	4394	6.141e-02
135kHz_150dA_100Mss_Ni0075.txt	06/06/2024 11:16:20	-34.3	486.80	13.76	57041.50	795.12	1.365498e+05	6.939142e+00	6.501898e+00	624.65	2.590470e-07	4394	6.191e-02
135kHz_150dA_100Mss_Ni0076.txt	06/06/2024 11:16:21	-33.8	497.33	13.92	57041.50	802.52	1.365498e+05	7.025988e+00	6.501667e+00	631.81	2.587653e-07	4394	6.411e-02
135kHz_150dA_100Mss_Ni0077.txt	06/06/2024 11:16:22	-33.3	504.98	14.07	57041.50	800.70	1.365498e+05	7.033715e+00	6.509075e+00	653.59	2.678406e-07	4394	6.516e-02
135kHz_150dA_100Mss_Ni0078.txt	06/06/2024 11:16:22	-33.3	513.93	14.37	57041.50	804.03	1.365498e+05	7.033687e+00	6.512615e+00	663.65	2.721846e-07	4394	6.598e-02
135kHz_150dA_100Mss_Ni0079.txt	06/06/2024 11:16:23	-32.9	514.20	14.24	57041.50	813.94	1.365498e+05	7.089309e+00	6.511791e+00	666.54	2.711753e-07	4394	6.750e-02
135kHz_150dA_100Mss_Ni0080.txt	06/06/2024 11:16:23	-32.9	522.81	14.33	57041.50	831.18	1.365498e+05	7.158970e+00	6.508434e+00	663.38	2.670571e-07	4394	6.930e-02
135kHz_150dA_100Mss_Ni0081.txt	06/06/2024 11:16:24	-32.5	528.83	14.58	57041.50	833.83	1.365498e+05	7.211340e+00	6.512182e+00	679.16	2.716533e-07	4394	6.960e-02
135kHz_150dA_100Mss_Ni0082.txt	06/06/2024 11:16:24	-32.5	534.17	14.63	57041.50	816.41	1.365809e+05	7.124028e+00	6.517912e+00	687.57	2.787051e-07	4393	7.114e-02
135kHz_150dA_100Mss_Ni0083.txt	06/06/2024 11:16:25	-32.0	542.24	14.73	57041.50	822.88	1.365809e+05	7.224195e+00	6.518584e+00	699.20	2.795283e-07	4393	7.233e-02
135kHz_150dA_100Mss_Ni0084.txt	06/06/2024 11:16:25	-32.0	546.33	14.73	57041.50	817.15	1.365498e+05	7.204699e+00	6.520861e+00	703.77	2.823402e-07	4394	7.443e-02
135kHz_150dA_100Mss_Ni0085.txt	06/06/2024 11:16:26	-31.5	558.55	15.13	57041.50	812.91	1.365809e+05	7.229719e+00	6.525484e+00	719.85	2.880499e-07	4393	7.505e-02
135kHz_150dA_100Mss_Ni0086.txt	06/06/2024 11:16:26	-31.5	556.92	14.93	57041.50	846.11	1.365498e+05	7.325958e+00	6.519251e+00	710.86	2.803558e-07	4394	7.692e-02
135kHz_150dA_100Mss_Ni0087.txt	06/06/2024 11:16:27	-31.1	565.72	15.11	57041.50	834.22	1.365809e+05	7.343211e+00	6.526096e+00	732.96	2.888072e-07	4393	7.812e-02
135kHz_150dA_100Mss_Ni0088.txt	06/06/2024 11:16:27	-31.1	571.37	15.21	57041.50	833.92	1.365809e+05	7.323543e+00	6.527080e+00	733.90	2.900250e-07	4393	7.982e-02
135kHz_150dA_100Mss_Ni0089.txt	06/06/2024 11:16:28	-30.4	573.56	15.13	57041.50	831.45	1.365498e+05	7.339734e+00	6.525119e+00	729.55	2.875982e-07	4394	8.179e-02
135kHz_150dA_100Mss_Ni0090.txt	06/06/2024 11:16:28	-30.4	581.71	15.49	57041.50	842.14	1.365498e+05	7.429417e+00	6.534070e+00	765.23	2.986895e-07	4394	8.170e-02
135kHz_150dA_100Mss_Ni0091.txt	06/06/2024 11:16:29	-30.0	583.44	15.57	57041.50	846.46	1.365809e+05	7.391895e+00	6.533039e+00	758.47	2.974106e-07	4393	8.241e-02
135kHz_150dA_100Mss_Ni0092.txt	06/06/2024 11:16:29	-30.0	597.44	15.75	57041.50	821.32	1.365498e+05	7.342837e+00	6.538729e+00	770.05	3.044868e-07	4394	8.509e-02
135kHz_150dA_100Mss_Ni0093.txt	06/06/2024 11:16:30	-29.6	599.75	15.78	57041.50	820.68	1.365498e+05	7.382530e+00	6.537850e+00	771.60	3.033916e-07	4394	8.632e-02
135kHz_150dA_100Mss_Ni0094.txt	06/06/2024 11:16:30	-29.6	609.84	15.77	57041.50	832.15	1.365498e+05	7.390563e+00	6.542364e+00	785.83	3.090169e-07	4394	8.839e-02
135kHz_150dA_100Mss_Ni0095.txt	06/06/2024 11:16:31	-29.1	613.68	16.10	57041.50	825.85	1.365498e+05	7.421070e+00	6.545988e+00	799.86	3.135383e-07	4394	9.011e-02
135kHz_150dA_100Mss_Ni0096.txt	06/06/2024 11:16:32	-28.9	621.23	16.19	57041.50	833.66	1.365809e+05	7.447850e+00	6.547235e+00	806.65	3.150983e-07	4393	9.196e-02
135kHz_150dA_100Mss_Ni0097.txt	06/06/2024 11:16:32	-28.9	626.72	16.29	57041.50	839.18	1.365498e+05	7.551582e+00	6.547169e+00	817.50	3.150164e-07	4394	9.207e-02
135kHz_150dA_100Mss_Ni0098.txt	06/06/2024 11:16:33	-28.1	625.17	16.04	57041.50	839.65	1.365498e+05	7.538964e+00	6.545167e+00	810.08	3.125195e-07	4394	9.398e-02
135kHz_150dA_100Mss_Ni0099.txt	06/06/2024 11:16:33	-28.1	629.05	16.23	57041.50	860.87	1.365498e+05	7.620392e+00	6.544987e+00	818.28	3.122928e-07	4394	9.525e-02
135kHz_150dA_100Mss_Ni0100.txt	06/06/2024 11:16:34	-27.7	640.67	16.54	57041.50	858.23	1.365498e+05	7.607219e+00	6.550228e+00	832.83	3.188469e-07	4394	9.847e-02
135kHz_150dA_100Mss_Ni0101.txt	06/06/2024 11:16:35	-27.4	640.68	16.59	57041.50	841.13	1.365498e+05	7.503108e+00	6.553340e+00	830.78	3.227467e-07	4394	9.922e-02
135kHz_150dA_100Mss_Ni0102.txt	06/06/2024 11:16:35	-27.4	644.47	16.66	57041.50	818.25	1.365498e+05	7.429768e+00	6.560889e+00	845.06	3.322399e-07	4394	1.004e-01
135kHz_150dA_100Mss_Ni0103.txt	06/06/2024 11:16:36	-26.9	647.16	16.72	57041.50	856.63	1.365498e+05	7.602316e+00	6.554921e+00	846.57	3.247345e-07	4394	1.010e-01
135kHz_150dA_100Mss_Ni0104.txt	06/06/2024 11:16:36	-26.9	648.54	16.69	57041.50	842.62	1.365809e+05	7.538097e+00	6.558202e+00	849.49	3.288580e-07	4393	1.032e-01
135kHz_150dA_100Mss_Ni0105.txt	06/06/2024 11:16:37	-26.5	658.54	16.83	57041.50	841.15	1.365498e+05	7.646552e+00	6.558462e+00	862.31	3.291844e-07	4394	1.053e-01
135kHz_150dA_100Mss_Ni0106.txt	06/06/2024 11:16:37	-26.5	653.12	16.89	57041.50	853.00	1.365498e+05	7.561292e+00	6.560340e+00	858.36	3.315524e-07	4394	1.059e-01
135kHz_150dA_100Mss_Ni0107.txt	06/06/2024 11:16:38	-25.9	661.22	16.98	57041.50	854.71	1.365498e+05	7.661141e+00	6.560657e+00	870.66	3.319455e-07	4394	1.072e-01
135kHz_150dA_100Mss_Ni0108.txt	06/06/2024 11:16:38	-25.9	665.26	17.18	57041.50	850.40	1.365498e+05	7.632064e+00	6.562824e+00	873.96	3.346789e-07	4394	1.066e-01
135kHz_150dA_100Mss_Ni0109.txt	06/06/2024 11:16:39	-25.4	666.46	17.12	57041.50	848.91	1.365498e+05	7.683030e+00	6.563361e+00	881.44	3.353583e-07	4394	1.081e-01
135kHz_150dA_100Mss_Ni0110.txt	06/06/2024 11:16:39	-25.4	669.75	16.95	57041.50	855.92	1.365498e+05	7.707413e+00	6.559746e+00	873.12	3.308021e-07	4394	1.119e-01
135kHz_150dA_100Mss_Ni0111.txt	06/06/2024 11:16:40	-24.8	680.17	17.15	57041.50	850.86	1.365498e+05	7.708023e+00	6.565327e+00	890.35	3.378419e-07	4394	1.114e-01
135kHz_150dA_100Mss_Ni0112.txt	06/06/2024 11:16:40	-24.8	666.29	17.23	57041.50	857.37	1.365498e+05	7.640128e+00	6.567334e+00	888.61	3.403786e-07	4394	1.114e-01
135kHz_150dA_100Mss_Ni0113.txt	06/06/2024 11:16:41	-24.3	676.87	17.21	57041.50	846.57	1.365498e+05	7.632579e+00	6.566759e+00	885.99	3.396528e-07	4394	1.142e-01
135kHz_150dA_100Mss_Ni0114.txt	06/06/2024 11:16:42	-23.8	684.85	17.52	57041.50	842.02	1.365498e+05	7.626744e+00	6.573991e+00	907.25	3.488117e-07	4394	1.150e-01
135kHz_150dA_100Mss_Ni0115.txt	06/06/2024 11:16:42	-23.8	684.58	17.52	57041.50	861.21	1.365498e+05	7.683526e+00	6.568879e+00	898.39	3.423367e-07	4394	1.170e-01
135kHz_150dA_100Mss_Ni0116.txt	06/06/2024 11:16:43	-23.1	686.17	17.45	57041.50	876.89	1.365498e+05	7.810777e+00	6.565959e+00	904.18	3.386426e-07	4394	1.166e-01
135kHz_150dA_100Mss_Ni0117.txt	06/06/2024 11:16:43	-23.1	676.84	17.65	57041.50	870.94	1.365498e+05	7.748824e+00	6.573353e+00	919.81	3.480040e-07	4394	1.154e-01
135kHz_150dA_100Mss_Ni0118.txt	06/06/2024 11:16:44	-22.6	686.09	17.57	57041.50	840.16	1.365809e+05	7.644298e+00	6.575305e+00	913.54	3.504849e-07	4393	1.189e-01
135kHz_150dA_100Mss_Ni0119.txt	06/06/2024 11:16:44	-22.6	689.07	17.63	57041.50	879.12	1.365498e+05	7.763107e+00	6.573378e+00	921.58	3.480385e-07	4394	1.216e-01
135kHz_150dA_100Mss_Ni0120.txt	06/06/2024 11:16:45	-22.3	698.74	17.82	57041.50	867.74	1.365809e+05	7.790883e+00	6.578423e+00	940.71	3.544478e-07	4393	1.245e-01
135kHz_150dA_100Mss_Ni0121.txt	06/06/2024 11:16:45	-22.3	698.77	17.83	57041.50	876.77	1.365809e+05	7.807898e+00	6.574896e+00	931.83	3.499653e-07	4393	1.253e-01
135kHz_150dA_100Mss_Ni0122.txt	06/06/2024 11:16:46	-21.8	703.50	17.88	57041.50	881.75	1.365498e+05	7.922034e+00	6.575800e+00	948.08	3.511146e-07	4394	1.247e-01
135kHz_150dA_100Mss_Ni0123.txt	06/06/2024 11:16:46	-21.8	703.41	17.80	57041.50	869.08	1.365809e+05	7.862880e+00	6.577849e+00	947.61	3.537255e-07	4393	1.268e-01
135kHz_150dA_100Mss_Ni0124.txt	06/06/2024 11:16:47	-21.0	700.58	17.88	57041.50	887.49	1.365498e+05	7.873441e+00	6.577463e+00	947.46	3.532281e-07	4394	1.293e-01
135kHz_150dA_100Mss_Ni0125.txt	06/06/2024 11:16:47	-21.0	709.32	17.88	57041.50	866.02	1.365809e+05	7.912733e+00	6.578966e+00	957.13	3.551413e-07	4393	1.289e-01
135kHz_150dA_100Mss_Ni0126.txt	06/06/2024 11:16:48	-20.5	714.64	17.96	57041.50	856.27	1.365498e+05	7.812822e+00	6.581642e+00	953.12	3.585552e-07	4394	1.314e-01
135kHz_150dA_100Mss_Ni0127.txt	06/06/2024 11:16:48	-20.5	704.35	18.02	57041.50	871.07	1.365498e+05	7.786328e+00	6.579929e+00	944.60	3.563703e-07	4394	1.301e-01
135kHz_150dA_100Mss_Ni0128.txt	06/06/2024 11:16:49	-20.0	703.56	18.11	57041.50	876.81	1.365809e+05	7.850422e+00	6.579662e+00	951.76	3.560262e-07	4393	1.294e-01
135kHz_150dA_100Mss_Ni0129.txt	06/06/2024 11:16:49	-20.0	708.64	18.10	57041.50	876.58	1.365809e+05	7.810281e+00	6.581986e+00	954.09	3.589895e-07	4393	1.335e-01
135kHz_150dA_100Mss_Ni0130.txt	06/06/2024 11:16:50	-19.5	710.48	18.42	57041.50	870.46	1.365809e+05	7.868775e+00	6.586493e+00	975.30	3.647535e-07	4393	1.297e-01
135kHz_150dA_100Mss_Ni0131.txt	06/06/2024 11:16:51	-19.1	706.68	18.16	57041.50	881.10	1.365498e+05	7.805777e+00	6.583781e+00	958.88	3.612838e-07	4394	1.325e-01
135kHz_150dA_100Mss_Ni0132.txt	06/06/2024 11:16:51	-19.1	708.04	18.24	57041.50	881.64	1.365809e+05	7.794578e+00	6.582760e+00	954.57	3.599789e-07	4393	1.339e-01
135kHz_150dA_100Mss_Ni0133.txt	06/06/2024 11:16:52	-18.7	711.22	18.57	57041.50	868.14	1.365498e+05	7.822583e+00	6.587590e+00	972.75	3.661500e-07	4394	1.337e-01
135kHz_150dA_100Mss_Ni0134.txt	06/06/2024 11:16:53	-18.3	716.05	18.39	57041.50	844.29	1.365809e+05	7.736882e+00	6.591124e+00	973.13	3.706856e-07	4393	1.368e-01
135kHz_150dA_100Mss_Ni0135.txt	06/06/2024 11:16:53	-18.3	712.65	18.43	57041.50	867.36	1.365809e+05	7.808772e+00	6.584660e+00	962.19	3.624038e-07	4393	1.377e-01
135kHz_150dA_100Mss_Ni0136.txt	06/06/2024 11:16:54	-17.6	710.58	18.45	57041.50	846.61	1.365498e+05	7.709346e+00	6.590299e+00	966.93	3.696271e-07	4394	1.382e-01
135kHz_150dA_100Mss_Ni0137.txt	06/06/2024 11:16:54	-17.6	715.20	18.28	57041.50	864.91	1.365498e+05	7.815792e+00	6.583239e+00	958.43	3.605930e-07	4394	1.397e-01
135kHz_150dA_100Mss_Ni0138.txt	06/06/2024 11:16:55	-17.3	709.03	18.31	57041.50	872.75	1.365498e+05	7.715168e+00	6.585668e+00	953.52	3.636971e-07	4394	1.389e-01
135kHz_150dA_100Mss_Ni0139.txt	06/06/2024 11:16:55	-17.3	708.48	18.63	57041.50	848.93	1.365498e+05	7.707323e+00	6.594331e+00	978.96	3.748043e-07	4394	1.379e-01
135kHz_150dA_100Mss_Ni0140.txt	06/06/2024 11:16:56	-16.8	714.01	18.70	57041.50	862.20	1.365498e+05	7.776955e+00	6.593004e+00	983.72	3.730950e-07	4394	1.392e-01
135kHz_150dA_100Mss_Ni0141.txt	06/06/2024 11:16:56	-16.8	709.98	18.39	57041.50	845.54	1.365498e+05	7.664470e+00	6.591194e+00	964.01	3.707791e-07	4394	1.427e-01
135kHz_150dA_100Mss_Ni0142.txt	06/06/2024 11:16:57	-16.4	710.71	18.58	57041.50	846.75	1.365498e+05	7.672921e+00	6.594043e+00	973.72	3.744353e-07	4394	1.404e-01
135kHz_150dA_100Mss_Ni0143.txt	06/06/2024 11:16:57	-16.4	711.51	18.66	57041.50	833.52	1.365498e+05	7.642935e+00	6.597155e+00	979.30	3.784414e-07	4394	1.412e-01
135kHz_150dA_100Mss_Ni0144.txt	06/06/2024 11:16:58	-16.0	708.36	18.63	57041.50	834.77	1.365498e+05	7.618060e+00	6.594314e+00	967.57	3.747845e-07	4394	1.413e-01
135kHz_150dA_100Mss_Ni0145.txt	06/06/2024 11:16:58	-16.0	701.87	18.63	57041.50	837.74	1.365498e+05	7.618622e+00	6.593147e+00	964.13	3.732802e-07	4394	1.407e-01
135kHz_150dA_100Mss_Ni0146.txt	06/06/2024 11:16:59	-15.8	704.25	18.70	57041.50	828.33	1.365809e+05	7.555510e+00	6.599704e+00	975.91	3.817243e-07	4393	1.415e-01
135kHz_150dA_100Mss_Ni0147.txt	06/06/2024 11:16:59	-15.8	702.22	18.76	57041.50	846.29	1.365498e+05	7.670448e+00	6.591831e+00	966.70	3.715925e-07	4394	1.399e-01
135kHz_150dA_100Mss_Ni0148.txt	06/06/2024 11:17:00	-15.4	703.40	18.97	57041.50	828.03	1.365498e+05	7.554035e+00	6.601031e+00	979.45	3.834386e-07	4394	1.407e-01
135kHz_150dA_100Mss_Ni0149.txt	06/06/2024 11:17:00	-15.4	698.77	18.69	57041.50	818.82	1.365809e+05	7.478271e+00	6.596456e+00	956.35	3.775371e-07	4393	1.425e-01
135kHz_150dA_100Mss_Ni0150.txt	06/06/2024 11:17:01	-15.1	703.66	18.81	57041.50	816.03	1.365809e+05	7.445718e+00	6.601288e+00	966.38	3.837713e-07	4393	1.425e-01
135kHz_150dA_100Mss_Ni0151.txt	06/06/2024 11:17:01	-15.1	699.84	18.82	57041.50	818.68	1.365498e+05	7.489905e+00	6.597092e+00	959.50	3.783559e-07	4394	1.414e-01
135kHz_150dA_100Mss_Ni0152.txt	06/06/2024 11:17:02	-14.7	685.49	18.68	57041.50	817.42	1.365498e+05	7.356872e+00	6.593746e+00	932.74	3.740522e-07	4394	1.424e-01
135kHz_150dA_100Mss_Ni0153.txt	06/06/2024 11:17:03	-14.3	682.18	18.93	57041.50	796.33	1.365498e+05	7.252348e+00	6.603929e+00	948.62	3.871848e-07	4394	1.424e-01
135kHz_150dA_100Mss_Ni0154.txt	06/06/2024 11:17:03	-14.3	681.46	18.88	57041.50	819.51	1.365498e+05	7.391504e+00	6.595888e+00	943.39	3.768033e-07	4394	1.425e-01
135kHz_150dA_100Mss_Ni0155.txt	06/06/2024 11:17:04	-14.0	681.40	18.82	57041.50	815.47	1.365809e+05	7.353053e+00	6.596266e+00	939.79	3.772935e-07	4393	1.415e-01
135kHz_150dA_100Mss_Ni0156.txt	06/06/2024 11:17:04	-14.0	681.36	18.74	57041.50	823.78	1.365809e+05	7.323967e+00	6.593684e+00	928.60	3.739731e-07	4393	1.446e-01
135kHz_150dA_100Mss_Ni0157.txt	06/06/2024 11:17:05	-13.6	675.97	18.89	57041.50	804.08	1.365809e+05	7.241499e+00	6.597851e+00	930.06	3.793372e-07	4393	1.423e-01
135kHz_150dA_100Mss_Ni0158.txt	06/06/2024 11:17:06	-13.1	676.56	18.86	57041.50	792.14	1.365498e+05	7.194012e+00	6.598770e+00	926.36	3.805247e-07	4394	1.426e-01
135kHz_150dA_100Mss_Ni0159.txt	06/06/2024 11:17:06	-13.1	680.54	18.80	57041.50	768.75	1.365498e+05	7.076877e+00	6.603993e+00	925.84	3.872705e-07	4394	1.434e-01
135kHz_150dA_100Mss_Ni0160.txt	06/06/2024 11:17:07	-12.8	664.86	18.76	57041.50	807.79	1.365809e+05	7.176722e+00	6.595104e+00	913.96	3.757994e-07	4393	1.428e-01
135kHz_150dA_100Mss_Ni0161.txt	06/06/2024 11:17:07	-12.8	668.94	18.62	57041.50	787.67	1.365498e+05	7.133628e+00	6.595388e+00	909.07	3.761705e-07	4394	1.455e-01
135kHz_150dA_100Mss_Ni0162.txt	06/06/2024 11:17:08	-12.5	663.04	18.80	57041.50	772.31	1.365498e+05	6.988484e+00	6.599091e+00	900.78	3.809367e-07	4394	1.426e-01
135kHz_150dA_100Mss_Ni0163.txt	06/06/2024 11:17:08	-12.5	667.57	18.90	57041.50	787.14	1.365809e+05	7.190950e+00	6.597095e+00	921.42	3.783610e-07	4393	1.428e-01
135kHz_150dA_100Mss_Ni0164.txt	06/06/2024 11:17:09	-12.2	662.07	18.67	57041.50	768.96	1.365498e+05	7.014826e+00	6.599044e+00	904.05	3.808787e-07	4394	1.455e-01
135kHz_150dA_100Mss_Ni0165.txt	06/06/2024 11:17:09	-12.2	667.05	19.04	57041.50	755.04	1.365809e+05	6.932338e+00	6.610699e+00	925.43	3.959662e-07	4393	1.438e-01
135kHz_150dA_100Mss_Ni0166.txt	06/06/2024 11:17:10	-11.8	661.96	18.81	57041.50	758.74	1.365498e+05	6.964837e+00	6.598655e+00	896.53	3.803742e-07	4394	1.458e-01
135kHz_150dA_100Mss_Ni0167.txt	06/06/2024 11:17:10	-11.8	652.80	19.14	57041.50	769.74	1.365809e+05	6.945443e+00	6.601693e+00	902.56	3.842943e-07	4393	1.409e-01
135kHz_150dA_100Mss_Ni0168.txt	06/06/2024 11:17:11	-11.5	646.62	18.64	57041.50	766.34	1.365809e+05	6.899265e+00	6.596581e+00	882.65	3.777050e-07	4393	1.446e-01
135kHz_150dA_100Mss_Ni0169.txt	06/06/2024 11:17:11	-11.5	652.83	18.86	57041.50	751.97	1.365498e+05	6.896251e+00	6.601692e+00	895.96	3.842919e-07	4394	1.452e-01
135kHz_150dA_100Mss_Ni0170.txt	06/06/2024 11:17:12	-11.2	643.71	18.73	57041.50	754.99	1.365809e+05	6.848739e+00	6.597718e+00	879.26	3.791663e-07	4393	1.427e-01
135kHz_150dA_100Mss_Ni0171.txt	06/06/2024 11:17:13	-10.8	632.83	18.79	57041.50	767.03	1.365498e+05	6.752000e+00	6.596334e+00	862.96	3.773834e-07	4394	1.446e-01
135kHz_150dA_100Mss_Ni0172.txt	06/06/2024 11:17:13	-10.8	637.54	18.92	57041.50	732.05	1.365498e+05	6.683576e+00	6.603319e+00	872.61	3.863969e-07	4394	1.422e-01
135kHz_150dA_100Mss_Ni0173.txt	06/06/2024 11:17:14	-10.5	636.78	18.88	57041.50	735.43	1.365809e+05	6.659194e+00	6.606003e+00	876.67	3.898747e-07	4393	1.454e-01
135kHz_150dA_100Mss_Ni0174.txt	06/06/2024 11:17:14	-10.5	630.19	18.96	57041.50	737.02	1.365809e+05	6.652581e+00	6.603989e+00	870.52	3.872636e-07	4393	1.431e-01
135kHz_150dA_100Mss_Ni0175.txt	06/06/2024 11:17:15	-10.2	631.79	18.89	57041.50	715.45	1.365498e+05	6.564772e+00	6.604674e+00	860.61	3.881513e-07	4394	1.443e-01
135kHz_150dA_100Mss_Ni0176.txt	06/06/2024 11:17:15	-10.2	631.35	18.92	57041.50	727.79	1.365498e+05	6.627238e+00	6.602500e+00	863.12	3.853423e-07	4394	1.442e-01
135kHz_150dA_100Mss_Ni0177.txt	06/06/2024 11:17:16	-9.9	624.39	18.85	57041.50	731.82	1.365809e+05	6.583177e+00	6.601226e+00	854.27	3.836922e-07	4393	1.458e-01
135kHz_150dA_100Mss_Ni0178.txt	06/06/2024 11:17:16	-9.9	631.95	18.57	57041.50	704.09	1.365498e+05	6.507547e+00	6.602914e+00	848.59	3.858786e-07	4394	1.483e-01
135kHz_150dA_100Mss_Ni0179.txt	06/06/2024 11:17:17	-9.6	626.28	18.84	57041.50	713.68	1.365809e+05	6.516926e+00	6.603807e+00	852.30	3.870328e-07	4393	1.440e-01
135kHz_150dA_100Mss_Ni0180.txt	06/06/2024 11:17:17	-9.6	635.93	18.83	57041.50	724.39	1.365498e+05	6.600265e+00	6.604307e+00	864.31	3.876809e-07	4394	1.467e-01
135kHz_150dA_100Mss_Ni0181.txt	06/06/2024 11:17:18	-9.2	629.06	18.82	57041.50	716.86	1.365498e+05	6.564785e+00	6.602979e+00	856.23	3.859611e-07	4394	1.452e-01
135kHz_150dA_100Mss_Ni0182.txt	06/06/2024 11:17:18	-9.2	631.57	18.99	57041.50	710.46	1.365498e+05	6.561297e+00	6.608604e+00	870.29	3.932441e-07	4394	1.454e-01
135kHz_150dA_100Mss_Ni0183.txt	06/06/2024 11:17:19	-8.9	633.86	18.96	57041.50	712.06	1.365498e+05	6.534638e+00	6.605369e+00	858.44	3.890584e-07	4394	1.478e-01
135kHz_150dA_100Mss_Ni0184.txt	06/06/2024 11:17:20	-8.7	632.12	18.95	57041.50	710.88	1.365809e+05	6.531473e+00	6.605533e+00	858.64	3.892688e-07	4393	1.470e-01
135kHz_150dA_100Mss_Ni0185.txt	06/06/2024 11:17:20	-8.7	622.88	18.88	57041.50	714.84	1.365498e+05	6.434214e+00	6.604782e+00	843.76	3.882952e-07	4394	1.495e-01
135kHz_150dA_100Mss_Ni0186.txt	06/06/2024 11:17:21	-8.4	620.65	18.92	57041.50	726.81	1.365809e+05	6.554794e+00	6.603021e+00	855.23	3.860127e-07	4393	1.468e-01
135kHz_150dA_100Mss_Ni0187.txt	06/06/2024 11:17:21	-8.4	627.17	18.87	57041.50	705.06	1.365498e+05	6.520279e+00	6.605562e+00	857.05	3.893113e-07	4394	1.461e-01
135kHz_150dA_100Mss_Ni0188.txt	06/06/2024 11:17:22	-8.1	628.90	18.94	57041.50	712.30	1.365809e+05	6.564578e+00	6.603348e+00	857.35	3.864428e-07	4393	1.457e-01
135kHz_150dA_100Mss_Ni0189.txt	06/06/2024 11:17:22	-8.1	621.69	18.96	57041.50	709.84	1.365809e+05	6.498077e+00	6.605678e+00	854.63	3.894522e-07	4393	1.470e-01
135kHz_150dA_100Mss_Ni0190.txt	06/06/2024 11:17:23	-8.0	622.12	18.77	57041.50	705.95	1.365498e+05	6.433171e+00	6.603953e+00	841.53	3.872193e-07	4394	1.475e-01
135kHz_150dA_100Mss_Ni0191.txt	06/06/2024 11:17:24	-7.8	626.51	18.78	57041.50	698.55	1.365498e+05	6.443459e+00	6.604478e+00	844.20	3.878995e-07	4394	1.488e-01
135kHz_150dA_100Mss_Ni0192.txt	06/06/2024 11:17:24	-7.8	621.61	19.01	57041.50	729.56	1.365498e+05	6.523413e+00	6.603505e+00	852.18	3.866348e-07	4394	1.489e-01
135kHz_150dA_100Mss_Ni0193.txt	06/06/2024 11:17:25	-7.5	630.21	18.74	57041.50	717.79	1.365498e+05	6.583103e+00	6.600440e+00	852.03	3.826792e-07	4394	1.507e-01
135kHz_150dA_100Mss_Ni0194.txt	06/06/2024 11:17:25	-7.5	624.14	18.62	57041.50	713.46	1.365498e+05	6.531495e+00	6.599221e+00	842.21	3.811122e-07	4394	1.535e-01
135kHz_150dA_100Mss_Ni0195.txt	06/06/2024 11:17:26	-7.2	620.34	18.79	57041.50	731.18	1.365809e+05	6.533891e+00	6.599600e+00	843.69	3.815920e-07	4393	1.491e-01
135kHz_150dA_100Mss_Ni0196.txt	06/06/2024 11:17:26	-7.2	622.41	18.91	57041.50	707.11	1.365809e+05	6.479670e+00	6.606157e+00	853.43	3.900660e-07	4393	1.471e-01
135kHz_150dA_100Mss_Ni0197.txt	06/06/2024 11:17:27	-7.0	619.47	18.73	57041.50	710.37	1.365809e+05	6.489556e+00	6.600471e+00	840.19	3.827183e-07	4393	1.503e-01
135kHz_150dA_100Mss_Ni0198.txt	06/06/2024 11:17:27	-7.0	621.84	18.77	57041.50	723.05	1.365809e+05	6.550508e+00	6.599559e+00	845.73	3.815404e-07	4393	1.490e-01
135kHz_150dA_100Mss_Ni0199.txt	06/06/2024 11:17:28	-6.8	615.59	18.63	57041.50	728.57	1.365809e+05	6.507572e+00	6.597901e+00	835.93	3.794044e-07	4393	1.511e-01
135kHz_150dA_100Mss_Ni0200.txt	06/06/2024 11:17:28	-6.8	627.00	18.75	57041.50	718.79	1.365498e+05	6.577876e+00	6.602634e+00	857.04	3.855109e-07	4394	1.501e-01
135kHz_150dA_100Mss_Ni0201.txt	06/06/2024 11:17:29	-6.5	624.13	18.63	57041.50	709.87	1.365809e+05	6.493861e+00	6.602070e+00	844.84	3.847823e-07	4393	1.517e-01
135kHz_150dA_100Mss_Ni0202.txt	06/06/2024 11:17:30	-6.3	623.27	18.69	57041.50	731.22	1.365498e+05	6.646165e+00	6.598057e+00	853.95	3.796049e-07	4394	1.506e-01
135kHz_150dA_100Mss_Ni0203.txt	06/06/2024 11:17:30	-6.3	624.12	18.83	57041.50	720.05	1.365498e+05	6.530304e+00	6.599292e+00	842.24	3.811966e-07	4394	1.510e-01
135kHz_150dA_100Mss_Ni0204.txt	06/06/2024 11:17:31	-6.1	619.99	18.69	57041.50	720.32	1.365809e+05	6.555553e+00	6.598278e+00	843.07	3.798856e-07	4393	1.488e-01
135kHz_150dA_100Mss_Ni0205.txt	06/06/2024 11:17:31	-6.1	623.07	18.83	57041.50	730.02	1.365498e+05	6.634814e+00	6.599186e+00	855.44	3.810547e-07	4394	1.520e-01
135kHz_150dA_100Mss_Ni0206.txt	06/06/2024 11:17:32	-5.9	627.32	18.75	57041.50	705.11	1.365498e+05	6.506893e+00	6.604225e+00	851.87	3.875702e-07	4394	1.518e-01
135kHz_150dA_100Mss_Ni0207.txt	06/06/2024 11:17:32	-5.9	617.93	18.69	57041.50	728.45	1.365809e+05	6.563307e+00	6.594851e+00	835.19	3.754754e-07	4393	1.514e-01
135kHz_150dA_100Mss_Ni0208.txt	06/06/2024 11:17:33	-5.7	620.58	18.64	57041.50	719.13	1.365498e+05	6.564547e+00	6.596816e+00	840.25	3.780094e-07	4394	1.509e-01
135kHz_150dA_100Mss_Ni0209.txt	06/06/2024 11:17:34	-5.6	626.52	18.67	57041.50	708.61	1.365498e+05	6.546527e+00	6.600890e+00	848.46	3.832553e-07	4394	1.519e-01
135kHz_150dA_100Mss_Ni0210.txt	06/06/2024 11:17:34	-5.6	620.00	18.61	57041.50	728.19	1.365809e+05	6.630276e+00	6.595229e+00	844.70	3.759591e-07	4393	1.535e-01
135kHz_150dA_100Mss_Ni0211.txt	06/06/2024 11:17:35	-5.3	622.61	18.67	57041.50	731.49	1.365498e+05	6.636997e+00	6.593934e+00	841.97	3.742963e-07	4394	1.509e-01
135kHz_150dA_100Mss_Ni0212.txt	06/06/2024 11:17:35	-5.3	627.92	18.67	57041.50	736.91	1.365809e+05	6.683550e+00	6.594251e+00	848.90	3.747032e-07	4393	1.512e-01
135kHz_150dA_100Mss_Ni0213.txt	06/06/2024 11:17:36	-5.1	621.31	18.55	57041.50	731.74	1.365809e+05	6.675667e+00	6.591605e+00	840.92	3.713050e-07	4393	1.532e-01
135kHz_150dA_100Mss_Ni0214.txt	06/06/2024 11:17:36	-5.1	620.64	18.52	57041.50	740.89	1.365809e+05	6.646247e+00	6.590496e+00	834.30	3.698832e-07	4393	1.546e-01
135kHz_150dA_100Mss_Ni0215.txt	06/06/2024 11:17:37	-4.9	618.75	18.57	57041.50	752.86	1.365809e+05	6.642077e+00	6.590410e+00	833.55	3.697707e-07	4393	1.539e-01
135kHz_150dA_100Mss_Ni0216.txt	06/06/2024 11:17:37	-4.9	622.70	18.65	57041.50	718.02	1.365498e+05	6.591774e+00	6.595369e+00	839.97	3.761421e-07	4394	1.516e-01
135kHz_150dA_100Mss_Ni0217.txt	06/06/2024 11:17:38	-4.8	619.64	18.63	57041.50	731.95	1.365498e+05	6.651216e+00	6.593902e+00	843.69	3.742570e-07	4394	1.521e-01
135kHz_150dA_100Mss_Ni0218.txt	06/06/2024 11:17:38	-4.8	618.46	18.65	57041.50	738.97	1.365809e+05	6.641050e+00	6.593385e+00	841.23	3.735895e-07	4393	1.532e-01
135kHz_150dA_100Mss_Ni0219.txt	06/06/2024 11:17:39	-4.6	620.49	18.46	57041.50	724.33	1.365809e+05	6.588193e+00	6.593667e+00	835.27	3.739560e-07	4393	1.551e-01
135kHz_150dA_100Mss_Ni0220.txt	06/06/2024 11:17:39	-4.6	618.24	18.44	57041.50	742.19	1.365809e+05	6.647795e+00	6.587126e+00	825.63	3.655639e-07	4393	1.523e-01
135kHz_150dA_100Mss_Ni0221.txt	06/06/2024 11:17:40	-4.4	616.31	18.53	57041.50	746.55	1.365498e+05	6.632395e+00	6.590025e+00	831.13	3.692765e-07	4394	1.518e-01
135kHz_150dA_100Mss_Ni0222.txt	06/06/2024 11:17:40	-4.4	622.46	18.77	57041.50	734.26	1.365809e+05	6.632681e+00	6.594869e+00	844.06	3.754946e-07	4393	1.539e-01
135kHz_150dA_100Mss_Ni0223.txt	06/06/2024 11:17:41	-4.3	621.13	18.63	57041.50	736.04	1.365809e+05	6.643945e+00	6.592808e+00	840.08	3.728455e-07	4393	1.534e-01
135kHz_150dA_100Mss_Ni0224.txt	06/06/2024 11:17:41	-4.3	626.43	18.74	57041.50	728.40	1.365498e+05	6.614109e+00	6.594608e+00	840.82	3.751632e-07	4394	1.551e-01
135kHz_150dA_100Mss_Ni0225.txt	06/06/2024 11:17:42	-4.0	619.55	18.74	57041.50	734.72	1.365809e+05	6.607834e+00	6.596345e+00	844.75	3.773910e-07	4393	1.535e-01
135kHz_150dA_100Mss_Ni0226.txt	06/06/2024 11:17:42	-4.0	621.15	18.67	57041.50	729.37	1.365809e+05	6.584200e+00	6.595919e+00	840.62	3.768424e-07	4393	1.542e-01
135kHz_150dA_100Mss_Ni0227.txt	06/06/2024 11:17:43	-3.9	612.65	18.49	57041.50	757.97	1.365809e+05	6.711742e+00	6.587570e+00	834.75	3.661305e-07	4393	1.508e-01
135kHz_150dA_100Mss_Ni0228.txt	06/06/2024 11:17:44	-3.6	620.05	18.60	57041.50	731.41	1.365498e+05	6.641357e+00	6.592119e+00	837.76	3.719621e-07	4394	1.528e-01
135kHz_150dA_100Mss_Ni0229.txt	06/06/2024 11:17:44	-3.6	617.38	18.50	57041.50	744.16	1.365809e+05	6.670255e+00	6.590450e+00	837.19	3.698223e-07	4393	1.578e-01
135kHz_150dA_100Mss_Ni0230.txt	06/06/2024 11:17:45	-3.5	616.06	18.48	57041.50	737.54	1.365498e+05	6.614498e+00	6.590007e+00	828.84	3.692516e-07	4394	1.566e-01
135kHz_150dA_100Mss_Ni0231.txt	06/06/2024 11:17:45	-3.5	625.45	18.53	57041.50	733.74	1.365809e+05	6.680382e+00	6.589357e+00	835.57	3.684239e-07	4393	1.575e-01
135kHz_150dA_100Mss_Ni0232.txt	06/06/2024 11:17:46	-3.4	619.98	18.69	57041.50	737.96	1.365809e+05	6.729018e+00	6.590567e+00	844.88	3.699656e-07	4393	1.518e-01
135kHz_150dA_100Mss_Ni0233.txt	06/06/2024 11:17:46	-3.4	620.48	18.48	57041.50	733.23	1.365498e+05	6.660900e+00	6.590542e+00	836.07	3.699380e-07	4394	1.565e-01
135kHz_150dA_100Mss_Ni0234.txt	06/06/2024 11:17:47	-3.3	620.25	18.44	57041.50	735.43	1.365809e+05	6.714167e+00	6.586196e+00	831.40	3.643746e-07	4393	1.559e-01
135kHz_150dA_100Mss_Ni0235.txt	06/06/2024 11:17:48	-3.2	624.34	18.41	57041.50	733.68	1.365809e+05	6.729325e+00	6.589164e+00	841.18	3.681719e-07	4393	1.567e-01
135kHz_150dA_100Mss_Ni0236.txt	06/06/2024 11:17:48	-3.2	615.65	18.38	57041.50	749.64	1.365498e+05	6.739160e+00	6.582492e+00	824.41	3.596367e-07	4394	1.522e-01
135kHz_150dA_100Mss_Ni0237.txt	06/06/2024 11:17:48	-3.2	623.21	18.40	57041.50	735.32	1.365809e+05	6.761118e+00	6.584820e+00	833.52	3.626130e-07	4393	1.543e-01
135kHz_150dA_100Mss_Ni0238.txt	06/06/2024 11:17:49	-3.0	615.76	18.47	57041.50	755.82	1.365498e+05	6.756201e+00	6.585134e+00	833.57	3.630109e-07	4394	1.527e-01
135kHz_150dA_100Mss_Ni0239.txt	06/06/2024 11:17:50	-2.9	618.67	18.36	57041.50	738.27	1.365498e+05	6.673780e+00	6.586900e+00	828.07	3.652717e-07	4394	1.554e-01
135kHz_150dA_100Mss_Ni0240.txt	06/06/2024 11:17:50	-2.9	608.74	18.52	57041.50	747.49	1.365809e+05	6.681765e+00	6.585482e+00	825.50	3.634563e-07	4393	1.557e-01
135kHz_150dA_100Mss_Ni0241.txt	06/06/2024 11:17:51	-2.8	609.45	18.28	57041.50	728.71	1.365498e+05	6.601648e+00	6.585627e+00	815.79	3.636437e-07	4394	1.545e-01
135kHz_150dA_100Mss_Ni0242.txt	06/06/2024 11:17:51	-2.8	613.12	18.42	57041.50	739.60	1.365498e+05	6.694355e+00	6.587162e+00	831.31	3.656051e-07	4394	1.557e-01
135kHz_150dA_100Mss_Ni0243.txt	06/06/2024 11:17:52	-2.6	605.43	18.23	57041.50	750.91	1.365809e+05	6.682676e+00	6.581570e+00	815.25	3.584612e-07	4393	1.549e-01
135kHz_150dA_100Mss_Ni0244.txt	06/06/2024 11:17:52	-2.6	615.16	18.27	57041.50	747.26	1.365809e+05	6.735402e+00	6.576998e+00	809.45	3.526381e-07	4393	1.541e-01
135kHz_150dA_100Mss_Ni0245.txt	06/06/2024 11:17:53	-2.5	611.37	18.31	57041.50	728.74	1.365809e+05	6.634981e+00	6.583612e+00	814.80	3.610671e-07	4393	1.566e-01
135kHz_150dA_100Mss_Ni0246.txt	06/06/2024 11:17:53	-2.5	612.06	18.26	57041.50	742.26	1.365498e+05	6.615750e+00	6.580891e+00	805.11	3.575980e-07	4394	1.565e-01
135kHz_150dA_100Mss_Ni0247.txt	06/06/2024 11:17:54	-2.5	609.88	18.41	57041.50	742.65	1.365809e+05	6.645268e+00	6.585542e+00	821.14	3.635304e-07	4393	1.550e-01
135kHz_150dA_100Mss_Ni0248.txt	06/06/2024 11:17:55	-2.3	617.45	18.64	57041.50	739.22	1.365809e+05	6.677380e+00	6.590401e+00	837.96	3.697553e-07	4393	1.550e-01
135kHz_150dA_100Mss_Ni0249.txt	06/06/2024 11:17:55	-2.3	617.44	18.34	57041.50	739.79	1.365498e+05	6.716612e+00	6.583971e+00	825.59	3.615299e-07	4394	1.537e-01
135kHz_150dA_100Mss_Ni0250.txt	06/06/2024 11:17:56	-2.2	613.39	18.32	57041.50	744.31	1.365498e+05	6.724535e+00	6.579885e+00	815.67	3.563168e-07	4394	1.549e-01
135kHz_150dA_100Mss_Ni0251.txt	06/06/2024 11:17:56	-2.2	607.61	18.30	57041.50	745.52	1.365498e+05	6.657898e+00	6.580958e+00	810.42	3.576846e-07	4394	1.545e-01
135kHz_150dA_100Mss_Ni0252.txt	06/06/2024 11:17:57	-2.1	609.00	18.40	57041.50	739.32	1.365498e+05	6.635060e+00	6.582691e+00	812.20	3.598913e-07	4394	1.556e-01
135kHz_150dA_100Mss_Ni0253.txt	06/06/2024 11:17:57	-2.1	613.70	18.36	57041.50	724.31	1.365498e+05	6.604624e+00	6.586866e+00	819.40	3.652285e-07	4394	1.585e-01
135kHz_150dA_100Mss_Ni0254.txt	06/06/2024 11:17:58	-2.0	615.85	18.22	57041.50	751.60	1.365498e+05	6.765605e+00	6.581243e+00	824.30	3.580442e-07	4394	1.567e-01
135kHz_150dA_100Mss_Ni0255.txt	06/06/2024 11:17:58	-2.0	609.49	18.32	57041.50	744.73	1.365809e+05	6.673320e+00	6.582171e+00	815.70	3.592277e-07	4393	1.537e-01
135kHz_150dA_100Mss_Ni0256.txt	06/06/2024 11:17:59	-1.9	610.56	18.48	57041.50	728.14	1.365498e+05	6.625249e+00	6.585671e+00	818.82	3.636991e-07	4394	1.532e-01
135kHz_150dA_100Mss_Ni0257.txt	06/06/2024 11:17:59	-1.9	611.68	18.28	57041.50	737.87	1.365498e+05	6.740428e+00	6.580609e+00	819.53	3.572358e-07	4394	1.562e-01
135kHz_150dA_100Mss_Ni0258.txt	06/06/2024 11:18:00	-1.8	613.41	18.14	57041.50	739.88	1.365498e+05	6.774663e+00	6.578375e+00	817.69	3.543947e-07	4394	1.539e-01
135kHz_150dA_100Mss_Ni0259.txt	06/06/2024 11:18:00	-1.8	611.31	18.29	57041.50	743.56	1.365809e+05	6.718391e+00	6.579600e+00	814.35	3.559477e-07	4393	1.553e-01
135kHz_150dA_100Mss_Ni0260.txt	06/06/2024 11:18:01	-1.7	608.93	18.34	57041.50	747.17	1.365809e+05	6.708230e+00	6.581105e+00	817.13	3.578685e-07	4393	1.572e-01
135kHz_150dA_100Mss_Ni0261.txt	06/06/2024 11:18:01	-1.7	606.64	18.24	57041.50	762.42	1.365498e+05	6.721659e+00	6.573726e+00	798.88	3.484795e-07	4394	1.565e-01
135kHz_150dA_100Mss_Ni0262.txt	06/06/2024 11:18:02	-1.6	606.58	18.22	57041.50	761.42	1.365498e+05	6.804161e+00	6.573153e+00	807.14	3.477514e-07	4394	1.553e-01
135kHz_150dA_100Mss_Ni0263.txt	06/06/2024 11:18:02	-1.6	608.15	18.15	57041.50	754.24	1.365498e+05	6.727977e+00	6.576008e+00	805.73	3.513799e-07	4394	1.571e-01
135kHz_150dA_100Mss_Ni0264.txt	06/06/2024 11:18:03	-1.5	616.71	18.23	57041.50	734.08	1.365498e+05	6.653344e+00	6.580260e+00	808.03	3.567936e-07	4394	1.569e-01
135kHz_150dA_100Mss_Ni0265.txt	06/06/2024 11:18:03	-1.5	614.16	18.20	57041.50	737.01	1.365498e+05	6.711465e+00	6.576932e+00	806.22	3.525578e-07	4394	1.572e-01
135kHz_150dA_100Mss_Ni0266.txt	06/06/2024 11:18:05	-1.4	603.13	18.20	57041.50	758.34	1.365809e+05	6.727669e+00	6.575872e+00	805.51	3.512095e-07	4393	1.537e-01
135kHz_150dA_100Mss_Ni0267.txt	06/06/2024 11:18:06	-1.3	601.88	18.29	57041.50	768.50	1.365809e+05	6.723059e+00	6.574067e+00	800.14	3.489129e-07	4393	1.544e-01
135kHz_150dA_100Mss_Ni0268.txt	06/06/2024 11:18:06	-1.3	606.06	18.20	57041.50	756.62	1.365498e+05	6.741976e+00	6.574685e+00	803.87	3.497018e-07	4394	1.554e-01
135kHz_150dA_100Mss_Ni0269.txt	06/06/2024 11:18:07	-1.1	600.02	18.30	57041.50	741.16	1.365809e+05	6.649837e+00	6.577896e+00	801.54	3.537816e-07	4393	1.562e-01
135kHz_150dA_100Mss_Ni0270.txt	06/06/2024 11:18:07	-1.1	597.71	18.08	57041.50	768.29	1.365809e+05	6.682275e+00	6.571321e+00	787.99	3.454326e-07	4393	1.576e-01
135kHz_150dA_100Mss_Ni0271.txt	06/06/2024 11:18:08	-1.1	609.75	18.27	57041.50	733.14	1.365809e+05	6.681872e+00	6.579276e+00	809.06	3.555404e-07	4393	1.537e-01
135kHz_150dA_100Mss_Ni0272.txt	06/06/2024 11:18:08	-1.1	606.08	18.20	57041.50	740.28	1.365498e+05	6.708516e+00	6.577839e+00	808.28	3.537145e-07	4394	1.535e-01
135kHz_150dA_100Mss_Ni0273.txt	06/06/2024 11:18:09	-1.0	597.98	18.01	57041.50	761.40	1.365498e+05	6.794383e+00	6.570171e+00	797.92	3.439774e-07	4394	1.584e-01
135kHz_150dA_100Mss_Ni0274.txt	06/06/2024 11:18:09	-1.0	597.50	18.06	57041.50	767.21	1.365498e+05	6.726571e+00	6.573084e+00	797.75	3.476708e-07	4394	1.551e-01
135kHz_150dA_100Mss_Ni0275.txt	06/06/2024 11:18:10	-0.9	601.46	18.13	57041.50	755.30	1.365809e+05	6.762750e+00	6.572068e+00	799.49	3.463795e-07	4393	1.565e-01
135kHz_150dA_100Mss_Ni0276.txt	06/06/2024 11:18:10	-0.9	603.15	18.23	57041.50	743.65	1.365809e+05	6.684847e+00	6.577248e+00	804.04	3.529594e-07	4393	1.525e-01
135kHz_150dA_100Mss_Ni0277.txt	06/06/2024 11:18:11	-0.8	607.89	18.17	57041.50	759.82	1.365809e+05	6.832445e+00	6.572623e+00	809.24	3.470850e-07	4393	1.552e-01
135kHz_150dA_100Mss_Ni0278.txt	06/06/2024 11:18:11	-0.8	601.63	18.08	57041.50	751.84	1.365498e+05	6.732853e+00	6.574603e+00	802.56	3.495963e-07	4394	1.559e-01
135kHz_150dA_100Mss_Ni0279.txt	06/06/2024 11:18:12	-0.7	604.07	18.06	57041.50	770.70	1.365498e+05	6.811726e+00	6.568592e+00	795.68	3.419776e-07	4394	1.561e-01
135kHz_150dA_100Mss_Ni0280.txt	06/06/2024 11:18:12	-0.7	609.49	18.18	57041.50	752.90	1.365498e+05	6.784363e+00	6.572664e+00	803.47	3.471369e-07	4394	1.555e-01
135kHz_150dA_100Mss_Ni0281.txt	06/06/2024 11:18:13	-0.5	601.30	18.23	57041.50	774.40	1.365498e+05	6.824324e+00	6.568317e+00	796.40	3.416242e-07	4394	1.554e-01
135kHz_150dA_100Mss_Ni0282.txt	06/06/2024 11:18:13	-0.5	605.02	18.09	57041.50	761.39	1.365809e+05	6.859288e+00	6.567819e+00	799.30	3.409972e-07	4393	1.583e-01
135kHz_150dA_100Mss_Ni0283.txt	06/06/2024 11:18:14	-0.4	597.13	18.14	57041.50	766.93	1.365498e+05	6.789315e+00	6.570283e+00	797.62	3.441131e-07	4394	1.543e-01
135kHz_150dA_100Mss_Ni0284.txt	06/06/2024 11:18:14	-0.4	599.65	18.07	57041.50	777.21	1.365809e+05	6.843700e+00	6.566634e+00	794.25	3.394974e-07	4393	1.577e-01
135kHz_150dA_100Mss_Ni0285.txt	06/06/2024 11:18:15	-0.4	601.94	18.02	57041.50	760.20	1.365498e+05	6.760402e+00	6.569583e+00	792.35	3.432292e-07	4394	1.575e-01
135kHz_150dA_100Mss_Ni0286.txt	06/06/2024 11:18:16	-0.2	603.79	18.00	57041.50	767.13	1.365809e+05	6.810510e+00	6.569055e+00	796.97	3.425626e-07	4393	1.575e-01
135kHz_150dA_100Mss_Ni0287.txt	06/06/2024 11:18:16	-0.2	603.54	18.06	57041.50	767.45	1.365498e+05	6.862178e+00	6.567958e+00	799.84	3.411721e-07	4394	1.565e-01
135kHz_150dA_100Mss_Ni0288.txt	06/06/2024 11:18:17	-0.1	603.93	18.17	57041.50	769.63	1.365498e+05	6.892570e+00	6.568041e+00	803.61	3.412742e-07	4394	1.547e-01
135kHz_150dA_100Mss_Ni0289.txt	06/06/2024 11:18:17	-0.1	606.29	18.07	57041.50	758.82	1.365498e+05	6.861680e+00	6.567480e+00	798.47	3.405622e-07	4394	1.548e-01
135kHz_150dA_100Mss_Ni0290.txt	06/06/2024 11:18:18	0.1	599.98	18.02	57041.50	763.64	1.365498e+05	6.776495e+00	6.570069e+00	795.54	3.438448e-07	4394	1.598e-01
135kHz_150dA_100Mss_Ni0291.txt	06/06/2024 11:18:18	0.1	601.46	17.97	57041.50	775.31	1.365809e+05	6.866781e+00	6.565287e+00	793.25	3.377935e-07	4393	1.553e-01
135kHz_150dA_100Mss_Ni0292.txt	06/06/2024 11:18:19	0.3	597.34	17.97	57041.50	767.34	1.365498e+05	6.817426e+00	6.567436e+00	793.20	3.405073e-07	4394	1.574e-01
135kHz_150dA_100Mss_Ni0293.txt	06/06/2024 11:18:19	0.3	602.79	18.15	57041.50	770.40	1.365498e+05	6.845318e+00	6.566822e+00	794.77	3.397294e-07	4394	1.575e-01
135kHz_150dA_100Mss_Ni0294.txt	06/06/2024 11:18:20	0.5	610.36	18.01	57041.50	755.76	1.365498e+05	6.821213e+00	6.570834e+00	802.87	3.448135e-07	4394	1.589e-01
135kHz_150dA_100Mss_Ni0295.txt	06/06/2024 11:18:20	0.5	600.71	17.95	57041.50	770.19	1.365809e+05	6.845169e+00	6.566666e+00	794.51	3.395370e-07	4393	1.564e-01
135kHz_150dA_100Mss_Ni0296.txt	06/06/2024 11:18:21	0.5	602.04	18.00	57041.50	782.40	1.365498e+05	6.928049e+00	6.563292e+00	794.63	3.352748e-07	4394	1.556e-01
135kHz_150dA_100Mss_Ni0297.txt	06/06/2024 11:18:21	0.5	600.63	18.07	57041.50	769.94	1.365498e+05	6.830941e+00	6.565698e+00	790.05	3.383168e-07	4394	1.579e-01
135kHz_150dA_100Mss_Ni0298.txt	06/06/2024 11:18:22	0.8	600.90	18.00	57041.50	774.42	1.365498e+05	6.870569e+00	6.565311e+00	793.57	3.378267e-07	4394	1.593e-01
135kHz_150dA_100Mss_Ni0299.txt	06/06/2024 11:18:22	0.8	607.25	17.86	57041.50	763.44	1.365809e+05	6.927911e+00	6.562163e+00	791.68	3.338543e-07	4393	1.597e-01
135kHz_150dA_100Mss_Ni0300.txt	06/06/2024 11:18:23	0.9	604.81	18.03	57041.50	759.59	1.365809e+05	6.870962e+00	6.566741e+00	797.71	3.396312e-07	4393	1.592e-01
135kHz_150dA_100Mss_Ni0301.txt	06/06/2024 11:18:24	1.1	607.07	17.90	57041.50	768.89	1.365498e+05	6.905028e+00	6.560823e+00	785.19	3.321629e-07	4394	1.594e-01
135kHz_150dA_100Mss_Ni0302.txt	06/06/2024 11:18:24	1.1	604.06	17.95	57041.50	782.42	1.365809e+05	6.952823e+00	6.563535e+00	798.33	3.355789e-07	4393	1.577e-01
135kHz_150dA_100Mss_Ni0303.txt	06/06/2024 11:18:25	1.3	603.50	18.00	57041.50	778.98	1.365498e+05	6.956822e+00	6.561952e+00	794.22	3.335837e-07	4394	1.587e-01
135kHz_150dA_100Mss_Ni0304.txt	06/06/2024 11:18:26	1.4	602.88	18.01	57041.50	763.65	1.365809e+05	6.868340e+00	6.563266e+00	787.89	3.352422e-07	4393	1.589e-01
135kHz_150dA_100Mss_Ni0305.txt	06/06/2024 11:18:26	1.4	607.01	17.98	57041.50	774.08	1.365809e+05	6.937406e+00	6.564248e+00	798.53	3.364818e-07	4393	1.572e-01
135kHz_150dA_100Mss_Ni0306.txt	06/06/2024 11:18:27	1.6	596.71	17.92	57041.50	796.60	1.365498e+05	6.955317e+00	6.559948e+00	788.48	3.310609e-07	4394	1.557e-01
135kHz_150dA_100Mss_Ni0307.txt	06/06/2024 11:18:27	1.6	594.38	17.77	57041.50	792.05	1.365498e+05	6.964828e+00	6.557206e+00	781.94	3.276079e-07	4394	1.569e-01
135kHz_150dA_100Mss_Ni0308.txt	06/06/2024 11:18:28	1.8	597.91	17.90	57041.50	779.22	1.365498e+05	6.952724e+00	6.560840e+00	790.66	3.321803e-07	4394	1.573e-01
135kHz_150dA_100Mss_Ni0309.txt	06/06/2024 11:18:28	1.8	607.13	17.86	57041.50	776.98	1.365498e+05	6.980979e+00	6.562779e+00	799.27	3.346275e-07	4394	1.579e-01
135kHz_150dA_100Mss_Ni0310.txt	06/06/2024 11:18:29	2.0	597.34	17.90	57041.50	788.76	1.365498e+05	6.989125e+00	6.558907e+00	789.41	3.297459e-07	4394	1.525e-01
135kHz_150dA_100Mss_Ni0311.txt	06/06/2024 11:18:29	2.0	602.91	17.86	57041.50	783.41	1.365498e+05	6.991196e+00	6.560010e+00	792.72	3.311324e-07	4394	1.565e-01
135kHz_150dA_100Mss_Ni0312.txt	06/06/2024 11:18:30	2.2	611.07	17.89	57041.50	783.19	1.365809e+05	7.008484e+00	6.563180e+00	803.73	3.351287e-07	4393	1.560e-01
135kHz_150dA_100Mss_Ni0313.txt	06/06/2024 11:18:30	2.2	604.49	17.65	57041.50	783.63	1.365498e+05	7.012526e+00	6.557843e+00	789.08	3.284114e-07	4394	1.572e-01
135kHz_150dA_100Mss_Ni0314.txt	06/06/2024 11:18:31	2.4	593.73	17.87	57041.50	802.70	1.365498e+05	6.952147e+00	6.555536e+00	775.87	3.255066e-07	4394	1.534e-01
135kHz_150dA_100Mss_Ni0315.txt	06/06/2024 11:18:31	2.4	591.68	17.81	57041.50	808.98	1.365498e+05	7.010228e+00	6.552564e+00	774.03	3.217757e-07	4394	1.562e-01
135kHz_150dA_100Mss_Ni0316.txt	06/06/2024 11:18:32	2.7	597.24	17.98	57041.50	784.89	1.365498e+05	6.903005e+00	6.559728e+00	781.95	3.307781e-07	4394	1.577e-01
135kHz_150dA_100Mss_Ni0317.txt	06/06/2024 11:18:32	2.7	598.61	17.88	57041.50	776.17	1.365498e+05	6.878050e+00	6.561129e+00	782.96	3.325478e-07	4394	1.561e-01
135kHz_150dA_100Mss_Ni0318.txt	06/06/2024 11:18:33	2.9	597.17	17.77	57041.50	774.10	1.365498e+05	6.898618e+00	6.559194e+00	779.98	3.301089e-07	4394	1.585e-01
135kHz_150dA_100Mss_Ni0319.txt	06/06/2024 11:18:33	2.9	601.18	17.85	57041.50	783.59	1.365498e+05	6.962068e+00	6.559681e+00	788.50	3.307235e-07	4394	1.552e-01
135kHz_150dA_100Mss_Ni0320.txt	06/06/2024 11:18:34	3.1	603.02	17.90	57041.50	798.62	1.365498e+05	7.029557e+00	6.555697e+00	784.97	3.257083e-07	4394	1.559e-01
135kHz_150dA_100Mss_Ni0321.txt	06/06/2024 11:18:34	3.1	601.46	17.81	57041.50	785.35	1.365809e+05	6.998062e+00	6.557390e+00	786.36	3.278375e-07	4393	1.567e-01
135kHz_150dA_100Mss_Ni0322.txt	06/06/2024 11:18:35	3.3	596.84	17.95	57041.50	809.85	1.365498e+05	7.052811e+00	6.555140e+00	785.99	3.250074e-07	4394	1.567e-01
135kHz_150dA_100Mss_Ni0323.txt	06/06/2024 11:18:36	3.5	605.43	17.89	57041.50	775.50	1.365498e+05	6.975363e+00	6.561834e+00	796.00	3.334375e-07	4394	1.584e-01
135kHz_150dA_100Mss_Ni0324.txt	06/06/2024 11:18:36	3.5	598.20	17.87	57041.50	759.07	1.365498e+05	6.845892e+00	6.561809e+00	781.16	3.334055e-07	4394	1.532e-01
135kHz_150dA_100Mss_Ni0325.txt	06/06/2024 11:18:37	3.7	602.50	17.83	57041.50	766.57	1.365809e+05	6.914156e+00	6.559158e+00	781.81	3.300663e-07	4393	1.554e-01
135kHz_150dA_100Mss_Ni0326.txt	06/06/2024 11:18:37	3.7	604.46	17.82	57041.50	784.01	1.365809e+05	7.011358e+00	6.559469e+00	793.68	3.304547e-07	4393	1.595e-01
135kHz_150dA_100Mss_Ni0327.txt	06/06/2024 11:18:38	3.9	599.21	17.82	57041.50	794.09	1.365498e+05	7.064103e+00	6.555756e+00	788.99	3.257888e-07	4394	1.576e-01
135kHz_150dA_100Mss_Ni0328.txt	06/06/2024 11:18:38	3.9	596.66	17.78	57041.50	783.67	1.365498e+05	6.984913e+00	6.556903e+00	783.34	3.272328e-07	4394	1.566e-01
135kHz_150dA_100Mss_Ni0329.txt	06/06/2024 11:18:39	4.2	596.16	17.76	57041.50	798.53	1.365498e+05	7.048064e+00	6.555509e+00	786.50	3.254774e-07	4394	1.577e-01
135kHz_150dA_100Mss_Ni0330.txt	06/06/2024 11:18:40	4.4	597.91	17.96	57041.50	778.48	1.365498e+05	6.965896e+00	6.560072e+00	790.03	3.312191e-07	4394	1.557e-01
135kHz_150dA_100Mss_Ni0331.txt	06/06/2024 11:18:40	4.4	603.59	17.94	57041.50	781.21	1.365498e+05	6.966501e+00	6.559579e+00	788.72	3.305964e-07	4394	1.595e-01
135kHz_150dA_100Mss_Ni0332.txt	06/06/2024 11:18:41	4.7	599.52	17.87	57041.50	795.88	1.365498e+05	7.033394e+00	6.555098e+00	783.71	3.249613e-07	4394	1.596e-01
135kHz_150dA_100Mss_Ni0333.txt	06/06/2024 11:18:41	4.7	599.57	17.83	57041.50	794.65	1.365498e+05	7.008860e+00	6.556922e+00	786.08	3.272538e-07	4394	1.557e-01
135kHz_150dA_100Mss_Ni0334.txt	06/06/2024 11:18:42	4.9	595.44	17.84	57041.50	780.09	1.365498e+05	6.915979e+00	6.559021e+00	781.46	3.298966e-07	4394	1.560e-01
135kHz_150dA_100Mss_Ni0335.txt	06/06/2024 11:18:42	4.9	597.18	17.77	57041.50	773.05	1.365498e+05	6.930242e+00	6.557728e+00	779.50	3.282714e-07	4394	1.553e-01
135kHz_150dA_100Mss_Ni0336.txt	06/06/2024 11:18:43	5.1	599.87	17.85	57041.50	792.95	1.365809e+05	6.987736e+00	6.556706e+00	783.29	3.269770e-07	4393	1.573e-01
135kHz_150dA_100Mss_Ni0337.txt	06/06/2024 11:18:43	5.1	600.50	17.90	57041.50	776.35	1.365498e+05	6.961572e+00	6.558200e+00	784.33	3.288576e-07	4394	1.556e-01
135kHz_150dA_100Mss_Ni0338.txt	06/06/2024 11:18:44	5.4	602.49	17.75	57041.50	802.22	1.365498e+05	7.015570e+00	6.553475e+00	777.17	3.229232e-07	4394	1.570e-01
135kHz_150dA_100Mss_Ni0339.txt	06/06/2024 11:18:45	5.7	601.42	17.82	57041.50	802.62	1.365809e+05	7.140118e+00	6.552627e+00	788.73	3.218541e-07	4393	1.590e-01
135kHz_150dA_100Mss_Ni0340.txt	06/06/2024 11:18:45	5.7	592.94	17.70	57041.50	807.38	1.365498e+05	7.124028e+00	6.549127e+00	776.80	3.174683e-07	4394	1.535e-01
135kHz_150dA_100Mss_Ni0341.txt	06/06/2024 11:18:46	5.9	598.20	17.71	57041.50	807.16	1.365498e+05	7.161994e+00	6.551122e+00	786.65	3.199708e-07	4394	1.552e-01
135kHz_150dA_100Mss_Ni0342.txt	06/06/2024 11:18:47	6.1	600.95	17.78	57041.50	793.07	1.365498e+05	7.116929e+00	6.553949e+00	789.75	3.235143e-07	4394	1.563e-01
135kHz_150dA_100Mss_Ni0343.txt	06/06/2024 11:18:47	6.1	592.47	17.73	57041.50	802.18	1.365809e+05	7.039602e+00	6.551612e+00	774.77	3.205814e-07	4393	1.552e-01
135kHz_150dA_100Mss_Ni0344.txt	06/06/2024 11:18:48	6.3	604.89	17.70	57041.50	791.56	1.365498e+05	7.106424e+00	6.552159e+00	783.50	3.212684e-07	4394	1.591e-01
135kHz_150dA_100Mss_Ni0345.txt	06/06/2024 11:18:48	6.3	588.84	17.64	57041.50	837.82	1.365498e+05	7.123710e+00	6.546025e+00	767.91	3.135903e-07	4394	1.588e-01
135kHz_150dA_100Mss_Ni0346.txt	06/06/2024 11:18:49	6.5	592.13	17.64	57041.50	798.37	1.365498e+05	7.073457e+00	6.551010e+00	776.61	3.198290e-07	4394	1.576e-01
135kHz_150dA_100Mss_Ni0347.txt	06/06/2024 11:18:49	6.5	604.98	17.67	57041.50	810.27	1.365498e+05	7.181131e+00	6.548645e+00	781.64	3.168689e-07	4394	1.572e-01
135kHz_150dA_100Mss_Ni0348.txt	06/06/2024 11:18:50	6.7	596.38	17.68	57041.50	814.58	1.365498e+05	7.182841e+00	6.547336e+00	778.06	3.152295e-07	4394	1.565e-01
135kHz_150dA_100Mss_Ni0349.txt	06/06/2024 11:18:50	6.7	598.11	17.76	57041.50	790.45	1.365809e+05	7.070652e+00	6.552065e+00	779.46	3.211512e-07	4393	1.568e-01
135kHz_150dA_100Mss_Ni0350.txt	06/06/2024 11:18:51	7.0	592.80	17.68	57041.50	815.73	1.365498e+05	7.117459e+00	6.547392e+00	771.13	3.153011e-07	4394	1.591e-01
135kHz_150dA_100Mss_Ni0351.txt	06/06/2024 11:18:51	7.0	597.30	17.80	57041.50	792.15	1.365809e+05	7.052093e+00	6.552834e+00	779.59	3.221186e-07	4393	1.582e-01
135kHz_150dA_100Mss_Ni0352.txt	06/06/2024 11:18:52	7.3	593.87	17.77	57041.50	805.73	1.365498e+05	7.063016e+00	6.549072e+00	769.99	3.174017e-07	4394	1.569e-01
135kHz_150dA_100Mss_Ni0353.txt	06/06/2024 11:18:52	7.3	599.92	17.79	57041.50	793.56	1.365809e+05	7.102411e+00	6.551652e+00	781.79	3.206337e-07	4393	1.584e-01
135kHz_150dA_100Mss_Ni0354.txt	06/06/2024 11:18:53	7.4	600.44	17.67	57041.50	803.64	1.365498e+05	7.140859e+00	6.551944e+00	786.68	3.210013e-07	4394	1.548e-01
135kHz_150dA_100Mss_Ni0355.txt	06/06/2024 11:18:53	7.4	596.67	17.62	57041.50	804.55	1.365498e+05	7.143104e+00	6.550789e+00	783.63	3.195545e-07	4394	1.589e-01
135kHz_150dA_100Mss_Ni0356.txt	06/06/2024 11:18:54	7.7	602.29	17.75	57041.50	795.65	1.365498e+05	7.113663e+00	6.551261e+00	781.74	3.201422e-07	4394	1.604e-01
135kHz_150dA_100Mss_Ni0357.txt	06/06/2024 11:18:54	7.7	597.99	17.71	57041.50	798.63	1.365498e+05	7.079648e+00	6.551759e+00	779.41	3.207678e-07	4394	1.553e-01
135kHz_150dA_100Mss_Ni0358.txt	06/06/2024 11:18:55	7.8	595.15	17.64	57041.50	801.12	1.365809e+05	7.127743e+00	6.550608e+00	781.60	3.193285e-07	4393	1.591e-01
135kHz_150dA_100Mss_Ni0359.txt	06/06/2024 11:18:55	7.8	596.38	17.62	57041.50	812.31	1.365809e+05	7.131606e+00	6.547864e+00	774.19	3.158936e-07	4393	1.586e-01
135kHz_150dA_100Mss_Ni0360.txt	06/06/2024 11:18:56	8.0	589.69	17.63	57041.50	815.78	1.365498e+05	7.093589e+00	6.546922e+00	767.21	3.147147e-07	4394	1.572e-01
135kHz_150dA_100Mss_Ni0361.txt	06/06/2024 11:18:57	8.2	590.45	17.63	57041.50	802.94	1.365809e+05	7.041361e+00	6.550572e+00	772.03	3.192811e-07	4393	1.590e-01
135kHz_150dA_100Mss_Ni0362.txt	06/06/2024 11:18:57	8.2	593.28	17.63	57041.50	805.36	1.365809e+05	7.108873e+00	6.548040e+00	772.23	3.161083e-07	4393	1.574e-01
135kHz_150dA_100Mss_Ni0363.txt	06/06/2024 11:18:58	8.3	597.30	17.74	57041.50	798.39	1.365809e+05	7.063548e+00	6.552260e+00	779.23	3.213953e-07	4393	1.573e-01
135kHz_150dA_100Mss_Ni0364.txt	06/06/2024 11:18:58	8.3	592.21	17.58	57041.50	802.69	1.365498e+05	7.118545e+00	6.546190e+00	767.83	3.137969e-07	4394	1.559e-01
135kHz_150dA_100Mss_Ni0365.txt	06/06/2024 11:18:59	8.5	591.01	17.59	57041.50	804.29	1.365498e+05	7.083461e+00	6.548397e+00	770.30	3.165575e-07	4394	1.564e-01
135kHz_150dA_100Mss_Ni0366.txt	06/06/2024 11:18:59	8.5	596.86	17.60	57041.50	811.93	1.365809e+05	7.175230e+00	6.547381e+00	777.54	3.152843e-07	4393	1.599e-01
135kHz_150dA_100Mss_Ni0367.txt	06/06/2024 11:19:00	8.7	590.29	17.58	57041.50	813.86	1.365498e+05	7.115937e+00	6.546447e+00	768.28	3.141204e-07	4394	1.524e-01
135kHz_150dA_100Mss_Ni0368.txt	06/06/2024 11:19:00	8.7	591.76	17.45	57041.50	817.22	1.365498e+05	7.149135e+00	6.542528e+00	760.63	3.092252e-07	4394	1.556e-01
135kHz_150dA_100Mss_Ni0369.txt	06/06/2024 11:19:01	8.8	587.24	17.55	57041.50	801.58	1.365498e+05	7.062523e+00	6.546547e+00	762.79	3.142414e-07	4394	1.575e-01
135kHz_150dA_100Mss_Ni0370.txt	06/06/2024 11:19:01	8.8	591.18	17.71	57041.50	811.00	1.365498e+05	7.122515e+00	6.547745e+00	772.69	3.157391e-07	4394	1.551e-01
135kHz_150dA_100Mss_Ni0371.txt	06/06/2024 11:19:02	9.0	593.11	17.67	57041.50	796.58	1.365498e+05	7.071812e+00	6.550567e+00	775.18	3.192752e-07	4394	1.561e-01
135kHz_150dA_100Mss_Ni0372.txt	06/06/2024 11:19:02	9.0	589.05	17.69	57041.50	813.87	1.365498e+05	7.101206e+00	6.544850e+00	762.14	3.121211e-07	4394	1.558e-01
135kHz_150dA_100Mss_Ni0373.txt	06/06/2024 11:19:03	9.1	594.29	17.64	57041.50	808.02	1.365498e+05	7.127814e+00	6.546945e+00	770.98	3.147398e-07	4394	1.564e-01
135kHz_150dA_100Mss_Ni0374.txt	06/06/2024 11:19:03	9.1	596.84	17.53	57041.50	802.32	1.365498e+05	7.159812e+00	6.547263e+00	775.35	3.151379e-07	4394	1.572e-01
135kHz_150dA_100Mss_Ni0375.txt	06/06/2024 11:19:04	9.3	599.01	17.61	57041.50	799.63	1.365498e+05	7.134841e+00	6.549742e+00	779.73	3.182392e-07	4394	1.583e-01
135kHz_150dA_100Mss_Ni0376.txt	06/06/2024 11:19:04	9.3	586.62	17.57	57041.50	816.30	1.365498e+05	7.126413e+00	6.546353e+00	769.14	3.140003e-07	4394	1.558e-01
135kHz_150dA_100Mss_Ni0377.txt	06/06/2024 11:19:05	9.5	595.36	17.62	57041.50	808.48	1.365498e+05	7.171488e+00	6.547812e+00	778.20	3.158247e-07	4394	1.601e-01
135kHz_150dA_100Mss_Ni0378.txt	06/06/2024 11:19:05	9.5	595.11	17.64	57041.50	796.81	1.365498e+05	7.088255e+00	6.546866e+00	766.48	3.146411e-07	4394	1.563e-01
135kHz_150dA_100Mss_Ni0379.txt	06/06/2024 11:19:06	9.7	595.24	17.61	57041.50	792.79	1.365498e+05	7.070991e+00	6.546626e+00	763.93	3.143426e-07	4394	1.563e-01
135kHz_150dA_100Mss_Ni0380.txt	06/06/2024 11:19:07	9.8	585.26	17.58	57041.50	800.71	1.365498e+05	7.083730e+00	6.545111e+00	761.01	3.124496e-07	4394	1.537e-01
135kHz_150dA_100Mss_Ni0381.txt	06/06/2024 11:19:08	9.9	593.97	17.58	57041.50	792.92	1.365498e+05	7.065298e+00	6.550043e+00	772.98	3.186164e-07	4394	1.573e-01
135kHz_150dA_100Mss_Ni0382.txt	06/06/2024 11:19:08	9.9	583.79	17.62	57041.50	801.81	1.365498e+05	7.054604e+00	6.545861e+00	760.00	3.133883e-07	4394	1.520e-01
135kHz_150dA_100Mss_Ni0383.txt	06/06/2024 11:19:09	10.1	583.46	17.52	57041.50	796.72	1.365498e+05	7.012041e+00	6.546989e+00	758.58	3.147945e-07	4394	1.533e-01
135kHz_150dA_100Mss_Ni0384.txt	06/06/2024 11:19:09	10.1	581.65	17.64	57041.50	808.56	1.365498e+05	7.071776e+00	6.544495e+00	757.98	3.116752e-07	4394	1.518e-01
135kHz_150dA_100Mss_Ni0385.txt	06/06/2024 11:19:10	10.3	586.61	17.48	57041.50	812.24	1.365809e+05	7.132410e+00	6.542948e+00	760.23	3.097486e-07	4393	1.547e-01
135kHz_150dA_100Mss_Ni0386.txt	06/06/2024 11:19:10	10.3	582.78	17.48	57041.50	814.18	1.365498e+05	7.134767e+00	6.542311e+00	758.48	3.089528e-07	4394	1.560e-01
135kHz_150dA_100Mss_Ni0387.txt	06/06/2024 11:19:11	10.4	587.13	17.36	57041.50	800.87	1.365498e+05	7.050840e+00	6.540162e+00	743.48	3.062761e-07	4394	1.569e-01
135kHz_150dA_100Mss_Ni0388.txt	06/06/2024 11:19:11	10.4	589.01	17.40	57041.50	806.34	1.365498e+05	7.133374e+00	6.540548e+00	753.29	3.067556e-07	4394	1.597e-01
135kHz_150dA_100Mss_Ni0389.txt	06/06/2024 11:19:12	10.6	591.33	17.31	57041.50	798.86	1.365498e+05	7.115236e+00	6.542503e+00	756.95	3.091925e-07	4394	1.586e-01
135kHz_150dA_100Mss_Ni0390.txt	06/06/2024 11:19:12	10.6	586.37	17.61	57041.50	785.77	1.365498e+05	7.005689e+00	6.547233e+00	758.58	3.150983e-07	4394	1.529e-01
135kHz_150dA_100Mss_Ni0391.txt	06/06/2024 11:19:13	10.7	586.46	17.52	57041.50	822.76	1.365498e+05	7.155195e+00	6.539223e+00	751.79	3.051018e-07	4394	1.564e-01
135kHz_150dA_100Mss_Ni0392.txt	06/06/2024 11:19:13	10.7	586.00	17.56	57041.50	821.28	1.365498e+05	7.160456e+00	6.539560e+00	753.31	3.055198e-07	4394	1.568e-01
135kHz_150dA_100Mss_Ni0393.txt	06/06/2024 11:19:14	10.8	585.26	17.50	57041.50	803.15	1.365498e+05	7.130445e+00	6.540687e+00	753.38	3.069282e-07	4394	1.558e-01
135kHz_150dA_100Mss_Ni0394.txt	06/06/2024 11:19:14	10.8	582.87	17.61	57041.50	806.19	1.365498e+05	7.107314e+00	6.540662e+00	750.86	3.068948e-07	4394	1.546e-01
135kHz_150dA_100Mss_Ni0395.txt	06/06/2024 11:19:15	11.0	579.12	17.49	57041.50	830.81	1.365498e+05	7.162568e+00	6.538622e+00	750.84	3.043575e-07	4394	1.568e-01
135kHz_150dA_100Mss_Ni0396.txt	06/06/2024 11:19:15	11.0	584.98	17.61	57041.50	805.63	1.365498e+05	7.109049e+00	6.545859e+00	765.86	3.133819e-07	4394	1.543e-01
135kHz_150dA_100Mss_Ni0397.txt	06/06/2024 11:19:16	11.1	590.75	17.40	57041.50	818.26	1.365498e+05	7.227869e+00	6.540507e+00	763.15	3.067056e-07	4394	1.548e-01
135kHz_150dA_100Mss_Ni0398.txt	06/06/2024 11:19:16	11.1	585.35	17.31	57041.50	801.26	1.365498e+05	7.128267e+00	6.536844e+00	742.15	3.021443e-07	4394	1.605e-01
135kHz_150dA_100Mss_Ni0399.txt	06/06/2024 11:19:17	11.3	587.16	17.52	57041.50	787.99	1.365498e+05	7.063739e+00	6.545824e+00	760.88	3.133407e-07	4394	1.568e-01
135kHz_150dA_100Mss_Ni0400.txt	06/06/2024 11:19:18	11.4	580.83	17.44	57041.50	815.84	1.365498e+05	7.089248e+00	6.537474e+00	739.88	3.029279e-07	4394	1.565e-01
135kHz_150dA_100Mss_Ni0401.txt	06/06/2024 11:19:18	11.4	581.60	17.63	57041.50	824.11	1.365498e+05	7.161589e+00	6.539487e+00	753.22	3.054348e-07	4394	1.525e-01
135kHz_150dA_100Mss_Ni0402.txt	06/06/2024 11:19:19	11.6	582.48	17.46	57041.50	815.81	1.365498e+05	7.168787e+00	6.541188e+00	758.87	3.075545e-07	4394	1.533e-01
135kHz_150dA_100Mss_Ni0403.txt	06/06/2024 11:19:19	11.6	579.78	17.39	57041.50	828.31	1.365498e+05	7.216504e+00	6.535721e+00	748.08	3.007495e-07	4394	1.577e-01
135kHz_150dA_100Mss_Ni0404.txt	06/06/2024 11:19:20	11.8	580.29	17.55	57041.50	835.60	1.365498e+05	7.236855e+00	6.537792e+00	756.21	3.033222e-07	4394	1.562e-01
135kHz_150dA_100Mss_Ni0405.txt	06/06/2024 11:19:20	11.8	584.46	17.39	57041.50	820.62	1.365809e+05	7.233739e+00	6.537235e+00	754.44	3.026294e-07	4393	1.550e-01
135kHz_150dA_100Mss_Ni0406.txt	06/06/2024 11:19:21	11.9	580.98	17.29	57041.50	820.60	1.365498e+05	7.179467e+00	6.536899e+00	747.64	3.022160e-07	4394	1.557e-01
135kHz_150dA_100Mss_Ni0407.txt	06/06/2024 11:19:21	11.9	584.08	17.56	57041.50	811.27	1.365498e+05	7.127232e+00	6.540268e+00	751.84	3.064036e-07	4394	1.541e-01
135kHz_150dA_100Mss_Ni0408.txt	06/06/2024 11:19:22	12.1	583.44	17.54	57041.50	826.71	1.365809e+05	7.182552e+00	6.539192e+00	754.74	3.050672e-07	4393	1.548e-01
135kHz_150dA_100Mss_Ni0409.txt	06/06/2024 11:19:22	12.1	582.45	17.48	57041.50	811.40	1.365498e+05	7.160326e+00	6.538924e+00	751.47	3.047293e-07	4394	1.587e-01
135kHz_150dA_100Mss_Ni0410.txt	06/06/2024 11:19:23	12.2	579.96	17.49	57041.50	820.20	1.365809e+05	7.178366e+00	6.539572e+00	755.40	3.055375e-07	4393	1.537e-01
135kHz_150dA_100Mss_Ni0411.txt	06/06/2024 11:19:23	12.2	585.22	17.47	57041.50	816.07	1.365498e+05	7.183853e+00	6.539905e+00	756.77	3.059511e-07	4394	1.576e-01
135kHz_150dA_100Mss_Ni0412.txt	06/06/2024 11:19:24	12.3	582.11	17.65	57041.50	826.66	1.365498e+05	7.228023e+00	6.538190e+00	756.44	3.038192e-07	4394	1.544e-01
135kHz_150dA_100Mss_Ni0413.txt	06/06/2024 11:19:25	12.4	577.82	17.31	57041.50	814.77	1.365498e+05	7.114710e+00	6.536629e+00	740.13	3.018805e-07	4394	1.519e-01
135kHz_150dA_100Mss_Ni0414.txt	06/06/2024 11:19:25	12.4	575.40	17.42	57041.50	839.83	1.365498e+05	7.243584e+00	6.534047e+00	746.02	2.986613e-07	4394	1.568e-01
135kHz_150dA_100Mss_Ni0415.txt	06/06/2024 11:19:26	12.5	582.68	17.47	57041.50	833.17	1.365498e+05	7.250127e+00	6.533309e+00	744.54	2.977496e-07	4394	1.571e-01
135kHz_150dA_100Mss_Ni0416.txt	06/06/2024 11:19:26	12.5	579.11	17.44	57041.50	837.63	1.365809e+05	7.239260e+00	6.533910e+00	745.34	2.984948e-07	4393	1.540e-01
135kHz_150dA_100Mss_Ni0417.txt	06/06/2024 11:19:27	12.7	578.84	17.32	57041.50	820.90	1.365809e+05	7.191466e+00	6.534942e+00	743.40	2.997790e-07	4393	1.532e-01
135kHz_150dA_100Mss_Ni0418.txt	06/06/2024 11:19:28	12.8	586.67	17.36	57041.50	811.94	1.365498e+05	7.152824e+00	6.536557e+00	743.88	3.017879e-07	4394	1.558e-01
135kHz_150dA_100Mss_Ni0419.txt	06/06/2024 11:19:28	12.8	582.40	17.25	57041.50	818.69	1.365498e+05	7.198418e+00	6.534819e+00	743.60	2.996223e-07	4394	1.554e-01
135kHz_150dA_100Mss_Ni0420.txt	06/06/2024 11:19:29	12.9	582.69	17.55	57041.50	804.26	1.365498e+05	7.154285e+00	6.539746e+00	753.20	3.057511e-07	4394	1.536e-01
135kHz_150dA_100Mss_Ni0421.txt	06/06/2024 11:19:29	12.9	579.64	17.39	57041.50	806.60	1.365498e+05	7.114996e+00	6.536247e+00	739.06	3.013966e-07	4394	1.560e-01
135kHz_150dA_100Mss_Ni0422.txt	06/06/2024 11:19:30	13.1	580.12	17.40	57041.50	808.27	1.365498e+05	7.138420e+00	6.536634e+00	742.61	3.018798e-07	4394	1.567e-01
135kHz_150dA_100Mss_Ni0423.txt	06/06/2024 11:19:30	13.1	570.61	17.22	57041.50	830.58	1.365498e+05	7.183289e+00	6.532567e+00	735.53	2.968271e-07	4394	1.555e-01
135kHz_150dA_100Mss_Ni0424.txt	06/06/2024 11:19:31	13.2	580.06	17.57	57041.50	830.54	1.365809e+05	7.182597e+00	6.537152e+00	748.87	3.025242e-07	4393	1.558e-01
135kHz_150dA_100Mss_Ni0425.txt	06/06/2024 11:19:31	13.2	574.46	17.48	57041.50	813.56	1.365498e+05	7.143157e+00	6.537139e+00	744.55	3.025099e-07	4394	1.533e-01
135kHz_150dA_100Mss_Ni0426.txt	06/06/2024 11:19:32	13.3	577.35	17.22	57041.50	827.13	1.365498e+05	7.174591e+00	6.531759e+00	732.31	2.958296e-07	4394	1.552e-01
135kHz_150dA_100Mss_Ni0427.txt	06/06/2024 11:19:32	13.3	579.53	17.29	57041.50	812.89	1.365498e+05	7.187277e+00	6.534311e+00	740.98	2.989988e-07	4394	1.507e-01
135kHz_150dA_100Mss_Ni0428.txt	06/06/2024 11:19:33	13.4	580.90	17.43	57041.50	814.91	1.365498e+05	7.222257e+00	6.535279e+00	747.40	3.001963e-07	4394	1.559e-01
135kHz_150dA_100Mss_Ni0429.txt	06/06/2024 11:19:33	13.4	577.27	17.35	57041.50	816.30	1.365498e+05	7.153829e+00	6.534163e+00	737.11	2.988107e-07	4394	1.567e-01
135kHz_150dA_100Mss_Ni0430.txt	06/06/2024 11:19:34	13.5	574.54	17.54	57041.50	816.79	1.365498e+05	7.139294e+00	6.537917e+00	746.37	3.034761e-07	4394	1.529e-01
135kHz_150dA_100Mss_Ni0431.txt	06/06/2024 11:19:34	13.5	576.70	17.28	57041.50	812.88	1.365498e+05	7.182734e+00	6.535961e+00	745.28	3.010469e-07	4394	1.549e-01
135kHz_150dA_100Mss_Ni0432.txt	06/06/2024 11:19:35	13.6	581.53	17.48	57041.50	806.78	1.365498e+05	7.111206e+00	6.538128e+00	744.04	3.037404e-07	4394	1.553e-01
135kHz_150dA_100Mss_Ni0433.txt	06/06/2024 11:19:35	13.6	578.97	17.41	57041.50	810.08	1.365498e+05	7.092298e+00	6.537106e+00	739.15	3.024694e-07	4394	1.540e-01
135kHz_150dA_100Mss_Ni0434.txt	06/06/2024 11:19:36	13.8	571.22	17.37	57041.50	818.27	1.365498e+05	7.121736e+00	6.534247e+00	734.04	2.989145e-07	4394	1.536e-01
135kHz_150dA_100Mss_Ni0435.txt	06/06/2024 11:19:36	13.8	575.95	17.41	57041.50	811.52	1.365809e+05	7.161410e+00	6.534720e+00	739.66	2.995059e-07	4393	1.537e-01
135kHz_150dA_100Mss_Ni0436.txt	06/06/2024 11:19:37	13.8	578.73	17.43	57041.50	805.89	1.365498e+05	7.160731e+00	6.538446e+00	750.14	3.041356e-07	4394	1.499e-01
135kHz_150dA_100Mss_Ni0437.txt	06/06/2024 11:19:38	13.9	575.55	17.25	57041.50	821.54	1.365498e+05	7.205883e+00	6.534279e+00	742.81	2.989553e-07	4394	1.553e-01
135kHz_150dA_100Mss_Ni0438.txt	06/06/2024 11:19:38	13.9	577.64	17.52	57041.50	821.67	1.365498e+05	7.199597e+00	6.537775e+00	752.27	3.033009e-07	4394	1.528e-01
135kHz_150dA_100Mss_Ni0439.txt	06/06/2024 11:19:39	14.1	578.81	17.32	57041.50	831.55	1.365498e+05	7.241787e+00	6.529381e+00	732.24	2.928792e-07	4394	1.547e-01
135kHz_150dA_100Mss_Ni0440.txt	06/06/2024 11:19:40	14.2	570.22	17.13	57041.50	861.84	1.365498e+05	7.290183e+00	6.526427e+00	728.47	2.892244e-07	4394	1.563e-01
135kHz_150dA_100Mss_Ni0441.txt	06/06/2024 11:19:40	14.2	571.69	17.34	57041.50	851.74	1.365809e+05	7.255727e+00	6.527203e+00	727.46	2.901817e-07	4393	1.507e-01
135kHz_150dA_100Mss_Ni0442.txt	06/06/2024 11:19:41	14.3	577.34	17.28	57041.50	819.59	1.365498e+05	7.212174e+00	6.531654e+00	735.84	2.957003e-07	4394	1.535e-01
135kHz_150dA_100Mss_Ni0443.txt	06/06/2024 11:19:41	14.3	576.82	17.38	57041.50	812.60	1.365498e+05	7.190527e+00	6.536218e+00	746.82	3.013635e-07	4394	1.516e-01
135kHz_150dA_100Mss_Ni0444.txt	06/06/2024 11:19:42	14.3	572.98	17.30	57041.50	833.23	1.365498e+05	7.220019e+00	6.531830e+00	737.16	2.959159e-07	4394	1.533e-01
135kHz_150dA_100Mss_Ni0445.txt	06/06/2024 11:19:42	14.3	576.00	17.40	57041.50	826.90	1.365498e+05	7.231100e+00	6.532652e+00	740.68	2.969351e-07	4394	1.568e-01
135kHz_150dA_100Mss_Ni0446.txt	06/06/2024 11:19:43	14.6	576.50	17.31	57041.50	833.27	1.365498e+05	7.213651e+00	6.531643e+00	735.96	2.956818e-07	4394	1.576e-01
135kHz_150dA_100Mss_Ni0447.txt	06/06/2024 11:19:43	14.6	580.85	17.14	57041.50	821.70	1.365498e+05	7.262635e+00	6.530253e+00	736.90	2.939606e-07	4394	1.543e-01
135kHz_150dA_100Mss_Ni0448.txt	06/06/2024 11:19:44	14.6	577.09	17.27	57041.50	811.66	1.365498e+05	7.182878e+00	6.533537e+00	738.29	2.980359e-07	4394	1.557e-01
135kHz_150dA_100Mss_Ni0449.txt	06/06/2024 11:19:44	14.6	572.70	17.19	57041.50	832.65	1.365498e+05	7.232074e+00	6.529842e+00	732.60	2.934509e-07	4394	1.557e-01
135kHz_150dA_100Mss_Ni0450.txt	06/06/2024 11:19:45	14.7	571.75	17.34	57041.50	821.79	1.365809e+05	7.178163e+00	6.533434e+00	737.68	2.979053e-07	4393	1.540e-01
135kHz_150dA_100Mss_Ni0451.txt	06/06/2024 11:19:45	14.7	575.92	17.40	57041.50	826.21	1.365498e+05	7.246004e+00	6.533185e+00	743.76	2.975931e-07	4394	1.577e-01
135kHz_150dA_100Mss_Ni0452.txt	06/06/2024 11:19:46	14.9	577.52	17.37	57041.50	827.82	1.365498e+05	7.230691e+00	6.532116e+00	739.08	2.962693e-07	4394	1.538e-01
135kHz_150dA_100Mss_Ni0453.txt	06/06/2024 11:19:46	14.9	573.41	17.30	57041.50	815.53	1.365498e+05	7.154202e+00	6.533941e+00	736.51	2.985381e-07	4394	1.562e-01
135kHz_150dA_100Mss_Ni0454.txt	06/06/2024 11:19:47	15.0	564.03	17.25	57041.50	817.49	1.365498e+05	7.092705e+00	6.529785e+00	718.32	2.933787e-07	4394	1.513e-01
135kHz_150dA_100Mss_Ni0455.txt	06/06/2024 11:19:47	15.0	544.41	17.10	57041.50	778.77	1.365498e+05	6.890104e+00	6.530092e+00	698.66	2.937637e-07	4394	1.416e-01
135kHz_150dA_100Mss_Ni0456.txt	06/06/2024 11:19:48	15.1	533.97	16.98	57041.50	771.00	1.365498e+05	6.785216e+00	6.527414e+00	680.71	2.904428e-07	4394	1.414e-01
135kHz_150dA_100Mss_Ni0457.txt	06/06/2024 11:19:49	15.2	537.18	17.18	57041.50	784.57	1.365498e+05	6.843210e+00	6.528924e+00	690.68	2.923138e-07	4394	1.386e-01
135kHz_150dA_100Mss_Ni0458.txt	06/06/2024 11:19:49	15.2	521.81	17.07	57041.50	787.89	1.365498e+05	6.723877e+00	6.526258e+00	671.42	2.890152e-07	4394	1.379e-01
135kHz_150dA_100Mss_Ni0459.txt	06/06/2024 11:19:50	15.2	529.31	17.11	57041.50	794.32	1.365498e+05	6.804430e+00	6.525252e+00	676.71	2.877710e-07	4394	1.384e-01
135kHz_150dA_100Mss_Ni0460.txt	06/06/2024 11:19:50	15.2	529.99	17.18	57041.50	778.92	1.365498e+05	6.816497e+00	6.526872e+00	682.36	2.897745e-07	4394	1.361e-01
135kHz_150dA_100Mss_Ni0461.txt	06/06/2024 11:19:51	15.4	528.70	17.20	57041.50	778.47	1.365498e+05	6.802179e+00	6.527425e+00	682.44	2.904565e-07	4394	1.366e-01
135kHz_150dA_100Mss_Ni0462.txt	06/06/2024 11:19:51	15.4	522.98	17.16	57041.50	788.12	1.365498e+05	6.812524e+00	6.525632e+00	678.56	2.882345e-07	4394	1.365e-01
135kHz_150dA_100Mss_Ni0463.txt	06/06/2024 11:19:52	15.4	528.61	17.36	57041.50	772.67	1.365498e+05	6.768540e+00	6.529663e+00	685.16	2.932249e-07	4394	1.394e-01
135kHz_150dA_100Mss_Ni0464.txt	06/06/2024 11:19:52	15.4	524.48	17.10	57041.50	774.05	1.365498e+05	6.733242e+00	6.526835e+00	673.92	2.897273e-07	4394	1.373e-01
135kHz_150dA_100Mss_Ni0465.txt	06/06/2024 11:19:53	15.5	533.44	17.16	57041.50	773.24	1.365498e+05	6.807042e+00	6.529321e+00	688.12	2.928030e-07	4394	1.373e-01
135kHz_150dA_100Mss_Ni0466.txt	06/06/2024 11:19:53	15.5	528.49	17.21	57041.50	775.06	1.365498e+05	6.764897e+00	6.527025e+00	677.61	2.899585e-07	4394	1.357e-01
135kHz_150dA_100Mss_Ni0467.txt	06/06/2024 11:19:54	15.6	524.38	17.28	57041.50	791.43	1.365498e+05	6.784550e+00	6.526711e+00	678.72	2.895684e-07	4394	1.342e-01
135kHz_150dA_100Mss_Ni0468.txt	06/06/2024 11:19:54	15.6	523.32	17.24	57041.50	779.62	1.365498e+05	6.752087e+00	6.525795e+00	672.98	2.884378e-07	4394	1.345e-01
135kHz_150dA_100Mss_Ni0469.txt	06/06/2024 11:19:55	15.7	522.21	16.99	57041.50	775.76	1.365498e+05	6.727611e+00	6.523654e+00	664.74	2.857987e-07	4394	1.401e-01
135kHz_150dA_100Mss_Ni0470.txt	06/06/2024 11:19:55	15.7	530.30	17.20	57041.50	754.03	1.365498e+05	6.649342e+00	6.530999e+00	676.67	2.948865e-07	4394	1.372e-01
135kHz_150dA_100Mss_Ni0471.txt	06/06/2024 11:19:56	15.8	518.04	17.06	57041.50	778.96	1.365498e+05	6.699241e+00	6.521200e+00	655.31	2.827648e-07	4394	1.375e-01
135kHz_150dA_100Mss_Ni0472.txt	06/06/2024 11:19:56	15.8	524.37	17.00	57041.50	769.89	1.365498e+05	6.757311e+00	6.523672e+00	667.72	2.858169e-07	4394	1.359e-01
135kHz_150dA_100Mss_Ni0473.txt	06/06/2024 11:19:57	15.9	523.86	17.02	57041.50	773.65	1.365498e+05	6.726424e+00	6.523221e+00	663.45	2.852596e-07	4394	1.366e-01
135kHz_150dA_100Mss_Ni0474.txt	06/06/2024 11:19:57	15.9	530.66	17.00	57041.50	775.47	1.365498e+05	6.751137e+00	6.526660e+00	675.24	2.895129e-07	4394	1.381e-01
135kHz_150dA_100Mss_Ni0475.txt	06/06/2024 11:19:58	16.0	525.24	17.29	57041.50	773.94	1.365498e+05	6.721159e+00	6.526826e+00	672.69	2.897124e-07	4394	1.370e-01
135kHz_150dA_100Mss_Ni0476.txt	06/06/2024 11:19:59	16.1	518.79	17.04	57041.50	776.78	1.365498e+05	6.767031e+00	6.523054e+00	667.00	2.850538e-07	4394	1.344e-01
135kHz_150dA_100Mss_Ni0477.txt	06/06/2024 11:20:00	16.2	522.03	16.99	57041.50	774.01	1.365498e+05	6.768482e+00	6.521100e+00	661.81	2.826414e-07	4394	1.393e-01
135kHz_150dA_100Mss_Ni0478.txt	06/06/2024 11:20:00	16.2	519.65	17.09	57041.50	772.10	1.365498e+05	6.714345e+00	6.525833e+00	669.32	2.884871e-07	4394	1.357e-01
135kHz_150dA_100Mss_Ni0479.txt	06/06/2024 11:20:01	16.3	521.54	17.09	57041.50	793.36	1.365809e+05	6.820299e+00	6.520141e+00	664.39	2.814563e-07	4393	1.388e-01
135kHz_150dA_100Mss_Ni0480.txt	06/06/2024 11:20:01	16.3	523.06	17.13	57041.50	784.58	1.365498e+05	6.845187e+00	6.523920e+00	677.09	2.861226e-07	4394	1.348e-01
135kHz_150dA_100Mss_Ni0481.txt	06/06/2024 11:20:02	16.3	522.17	16.87	57041.50	794.05	1.365498e+05	6.860154e+00	6.517689e+00	661.34	2.784379e-07	4394	1.372e-01
135kHz_150dA_100Mss_Ni0482.txt	06/06/2024 11:20:02	16.3	521.30	16.97	57041.50	798.51	1.365498e+05	6.835483e+00	6.518810e+00	662.05	2.798164e-07	4394	1.353e-01
135kHz_150dA_100Mss_Ni0483.txt	06/06/2024 11:20:03	16.4	528.21	16.99	57041.50	778.10	1.365498e+05	6.746417e+00	6.521328e+00	660.27	2.829211e-07	4394	1.425e-01
135kHz_150dA_100Mss_Ni0484.txt	06/06/2024 11:20:03	16.4	523.89	17.08	57041.50	772.16	1.365498e+05	6.744491e+00	6.524337e+00	668.26	2.866376e-07	4394	1.394e-01
135kHz_150dA_100Mss_Ni0485.txt	06/06/2024 11:20:04	16.5	521.57	16.98	57041.50	795.71	1.365809e+05	6.848731e+00	6.518810e+00	663.48	2.798155e-07	4393	1.375e-01
135kHz_150dA_100Mss_Ni0486.txt	06/06/2024 11:20:04	16.5	518.45	16.98	57041.50	800.28	1.365498e+05	6.821731e+00	6.517260e+00	656.45	2.779053e-07	4394	1.377e-01
135kHz_150dA_100Mss_Ni0487.txt	06/06/2024 11:20:05	16.6	517.76	17.20	57041.50	813.30	1.365498e+05	6.907201e+00	6.518092e+00	666.99	2.789294e-07	4394	1.328e-01
135kHz_150dA_100Mss_Ni0488.txt	06/06/2024 11:20:05	16.6	525.45	17.22	57041.50	787.63	1.365498e+05	6.895036e+00	6.521712e+00	675.89	2.833917e-07	4394	1.377e-01
135kHz_150dA_100Mss_Ni0489.txt	06/06/2024 11:20:06	16.7	517.35	16.96	57041.50	800.68	1.365498e+05	6.846262e+00	6.517841e+00	660.42	2.786237e-07	4394	1.393e-01
135kHz_150dA_100Mss_Ni0490.txt	06/06/2024 11:20:06	16.7	526.30	16.92	57041.50	778.58	1.365498e+05	6.855618e+00	6.520624e+00	669.01	2.820509e-07	4394	1.411e-01
135kHz_150dA_100Mss_Ni0491.txt	06/06/2024 11:20:07	16.8	525.38	16.82	57041.50	799.62	1.365498e+05	6.933800e+00	6.516068e+00	663.90	2.764410e-07	4394	1.381e-01
135kHz_150dA_100Mss_Ni0492.txt	06/06/2024 11:20:07	16.8	520.40	17.21	57041.50	797.86	1.365498e+05	6.840556e+00	6.521752e+00	670.66	2.834438e-07	4394	1.362e-01
135kHz_150dA_100Mss_Ni0493.txt	06/06/2024 11:20:08	16.9	521.11	16.87	57041.50	793.88	1.365809e+05	6.901486e+00	6.515692e+00	659.91	2.759749e-07	4393	1.385e-01
135kHz_150dA_100Mss_Ni0494.txt	06/06/2024 11:20:09	17.0	519.99	16.73	57041.50	816.17	1.365498e+05	6.920193e+00	6.514838e+00	659.16	2.749278e-07	4394	1.371e-01
135kHz_150dA_100Mss_Ni0495.txt	06/06/2024 11:20:09	17.0	516.98	16.75	57041.50	805.46	1.365498e+05	6.933400e+00	6.514483e+00	659.42	2.744834e-07	4394	1.343e-01
135kHz_150dA_100Mss_Ni0496.txt	06/06/2024 11:20:10	17.1	524.80	17.02	57041.50	781.09	1.365498e+05	6.860076e+00	6.520334e+00	668.65	2.816940e-07	4394	1.367e-01
135kHz_150dA_100Mss_Ni0497.txt	06/06/2024 11:20:10	17.1	524.57	16.95	57041.50	796.10	1.365498e+05	6.936739e+00	6.516321e+00	664.89	2.767491e-07	4394	1.379e-01
135kHz_150dA_100Mss_Ni0498.txt	06/06/2024 11:20:11	17.2	514.96	16.99	57041.50	816.23	1.365498e+05	6.980814e+00	6.513454e+00	661.03	2.732206e-07	4394	1.366e-01
135kHz_150dA_100Mss_Ni0499.txt	06/06/2024 11:20:11	17.2	520.24	17.01	57041.50	801.27	1.365498e+05	6.913621e+00	6.516559e+00	663.34	2.770417e-07	4394	1.391e-01
135kHz_150dA_100Mss_Ni0500.txt	06/06/2024 11:20:12	17.2	510.87	16.95	57041.50	817.00	1.365498e+05	6.929447e+00	6.512706e+00	654.08	2.723028e-07	4394	1.315e-01
135kHz_150dA_100Mss_Ni0501.txt	06/06/2024 11:20:12	17.2	515.70	17.00	57041.50	791.28	1.365498e+05	6.849428e+00	6.516704e+00	657.58	2.772207e-07	4394	1.316e-01
135kHz_150dA_100Mss_Ni0502.txt	06/06/2024 11:20:13	17.4	516.69	17.01	57041.50	795.08	1.365498e+05	6.870664e+00	6.516622e+00	659.39	2.771190e-07	4394	1.365e-01
135kHz_150dA_100Mss_Ni0503.txt	06/06/2024 11:20:13	17.4	513.49	16.91	57041.50	819.00	1.365498e+05	6.947045e+00	6.510117e+00	648.47	2.691221e-07	4394	1.320e-01
135kHz_150dA_100Mss_Ni0504.txt	06/06/2024 11:20:14	17.4	518.20	16.93	57041.50	792.44	1.365498e+05	6.829982e+00	6.514944e+00	650.86	2.750550e-07	4394	1.369e-01
135kHz_150dA_100Mss_Ni0505.txt	06/06/2024 11:20:14	17.4	518.19	16.89	57041.50	788.16	1.365498e+05	6.844536e+00	6.518619e+00	662.40	2.795825e-07	4394	1.320e-01
135kHz_150dA_100Mss_Ni0506.txt	06/06/2024 11:20:15	17.5	520.06	17.05	57041.50	790.36	1.365498e+05	6.867123e+00	6.515598e+00	656.21	2.758616e-07	4394	1.348e-01
135kHz_150dA_100Mss_Ni0507.txt	06/06/2024 11:20:15	17.5	517.98	17.09	57041.50	791.65	1.365498e+05	6.865988e+00	6.519380e+00	666.58	2.805199e-07	4394	1.309e-01
135kHz_150dA_100Mss_Ni0508.txt	06/06/2024 11:20:16	17.6	518.19	17.05	57041.50	783.44	1.365498e+05	6.822261e+00	6.520010e+00	664.07	2.813002e-07	4394	1.352e-01
135kHz_150dA_100Mss_Ni0509.txt	06/06/2024 11:20:16	17.6	515.22	16.89	57041.50	817.60	1.365498e+05	7.001704e+00	6.510260e+00	653.97	2.692982e-07	4394	1.319e-01
135kHz_150dA_100Mss_Ni0510.txt	06/06/2024 11:20:17	17.6	511.91	16.85	57041.50	811.83	1.365498e+05	6.893480e+00	6.512409e+00	649.85	2.719367e-07	4394	1.355e-01
135kHz_150dA_100Mss_Ni0511.txt	06/06/2024 11:20:17	17.6	517.77	16.75	57041.50	792.12	1.365498e+05	6.888163e+00	6.511745e+00	647.50	2.711207e-07	4394	1.376e-01
135kHz_150dA_100Mss_Ni0512.txt	06/06/2024 11:20:18	17.7	511.65	16.85	57041.50	805.04	1.365498e+05	6.922891e+00	6.510081e+00	646.11	2.690743e-07	4394	1.330e-01
135kHz_150dA_100Mss_Ni0513.txt	06/06/2024 11:20:19	17.8	510.52	16.85	57041.50	828.10	1.365809e+05	7.020805e+00	6.508317e+00	650.39	2.669118e-07	4393	1.302e-01
135kHz_150dA_100Mss_Ni0514.txt	06/06/2024 11:20:19	17.8	512.38	16.99	57041.50	806.93	1.365498e+05	6.943522e+00	6.509444e+00	646.25	2.682938e-07	4394	1.345e-01
135kHz_150dA_100Mss_Ni0515.txt	06/06/2024 11:20:20	18.0	507.22	16.80	57041.50	816.30	1.365498e+05	6.951824e+00	6.510253e+00	649.30	2.692911e-07	4394	1.325e-01
135kHz_150dA_100Mss_Ni0516.txt	06/06/2024 11:20:21	18.1	503.53	16.91	57041.50	822.62	1.365809e+05	6.901591e+00	6.511212e+00	647.42	2.704647e-07	4393	1.339e-01
135kHz_150dA_100Mss_Ni0517.txt	06/06/2024 11:20:21	18.1	509.65	17.13	57041.50	811.59	1.365809e+05	6.927645e+00	6.513974e+00	657.60	2.738596e-07	4393	1.333e-01
135kHz_150dA_100Mss_Ni0518.txt	06/06/2024 11:20:22	18.2	511.81	16.87	57041.50	810.25	1.365498e+05	6.951036e+00	6.509740e+00	647.78	2.686626e-07	4394	1.326e-01
135kHz_150dA_100Mss_Ni0519.txt	06/06/2024 11:20:22	18.2	506.06	16.85	57041.50	798.02	1.365498e+05	6.872916e+00	6.511836e+00	646.32	2.712347e-07	4394	1.336e-01
135kHz_150dA_100Mss_Ni0520.txt	06/06/2024 11:20:22	18.2	507.82	17.02	57041.50	789.98	1.365498e+05	6.831636e+00	6.514046e+00	648.54	2.739499e-07	4394	1.330e-01
135kHz_150dA_100Mss_Ni0521.txt	06/06/2024 11:20:23	18.2	510.36	16.98	57041.50	793.77	1.365498e+05	6.928616e+00	6.511420e+00	650.39	2.707213e-07	4394	1.291e-01
135kHz_150dA_100Mss_Ni0522.txt	06/06/2024 11:20:24	18.3	509.92	16.86	57041.50	801.37	1.365498e+05	6.929323e+00	6.512174e+00	652.57	2.716502e-07	4394	1.344e-01
135kHz_150dA_100Mss_Ni0523.txt	06/06/2024 11:20:24	18.3	507.66	16.78	57041.50	809.67	1.365498e+05	6.902360e+00	6.507631e+00	637.36	2.660709e-07	4394	1.362e-01
135kHz_150dA_100Mss_Ni0524.txt	06/06/2024 11:20:25	18.4	505.19	16.82	57041.50	809.54	1.365498e+05	6.953670e+00	6.507837e+00	642.67	2.663241e-07	4394	1.321e-01
135kHz_150dA_100Mss_Ni0525.txt	06/06/2024 11:20:25	18.4	511.08	16.83	57041.50	816.10	1.365809e+05	6.957367e+00	6.509208e+00	647.02	2.680057e-07	4393	1.300e-01
135kHz_150dA_100Mss_Ni0526.txt	06/06/2024 11:20:25	18.4	512.60	16.85	57041.50	802.84	1.365809e+05	6.977578e+00	6.509949e+00	650.99	2.689144e-07	4393	1.338e-01
135kHz_150dA_100Mss_Ni0527.txt	06/06/2024 11:20:26	18.5	512.18	16.63	57041.50	799.46	1.365498e+05	6.942398e+00	6.507535e+00	640.79	2.659559e-07	4394	1.356e-01
135kHz_150dA_100Mss_Ni0528.txt	06/06/2024 11:20:27	18.6	512.96	16.89	57041.50	798.60	1.365498e+05	6.913432e+00	6.509877e+00	644.66	2.688273e-07	4394	1.332e-01
135kHz_150dA_100Mss_Ni0529.txt	06/06/2024 11:20:27	18.6	505.80	16.66	57041.50	810.21	1.365498e+05	6.932736e+00	6.507354e+00	639.38	2.657337e-07	4394	1.331e-01
135kHz_150dA_100Mss_Ni0530.txt	06/06/2024 11:20:28	18.7	513.76	16.88	57041.50	800.99	1.365498e+05	6.949219e+00	6.511998e+00	653.95	2.714302e-07	4394	1.333e-01
135kHz_150dA_100Mss_Ni0531.txt	06/06/2024 11:20:28	18.7	511.28	16.96	57041.50	800.40	1.365498e+05	6.903545e+00	6.511946e+00	649.51	2.713657e-07	4394	1.315e-01
135kHz_150dA_100Mss_Ni0532.txt	06/06/2024 11:20:29	18.8	512.48	16.87	57041.50	810.08	1.365498e+05	7.005497e+00	6.508445e+00	649.19	2.670696e-07	4394	1.326e-01
135kHz_150dA_100Mss_Ni0533.txt	06/06/2024 11:20:30	18.9	507.21	16.90	57041.50	799.71	1.365498e+05	6.893330e+00	6.511516e+00	647.35	2.708385e-07	4394	1.325e-01
135kHz_150dA_100Mss_Ni0534.txt	06/06/2024 11:20:30	18.9	508.80	16.79	57041.50	802.28	1.365498e+05	6.958000e+00	6.510080e+00	649.38	2.690717e-07	4394	1.309e-01
135kHz_150dA_100Mss_Ni0535.txt	06/06/2024 11:20:31	19.0	509.69	16.81	57041.50	803.28	1.365809e+05	6.959830e+00	6.508453e+00	645.12	2.670776e-07	4393	1.279e-01
135kHz_150dA_100Mss_Ni0536.txt	06/06/2024 11:20:31	19.0	508.24	16.82	57041.50	802.42	1.365498e+05	6.888135e+00	6.509597e+00	641.52	2.684807e-07	4394	1.307e-01
135kHz_150dA_100Mss_Ni0537.txt	06/06/2024 11:20:32	19.1	512.23	16.84	57041.50	820.18	1.365498e+05	7.016049e+00	6.506634e+00	645.02	2.648473e-07	4394	1.327e-01
135kHz_150dA_100Mss_Ni0538.txt	06/06/2024 11:20:32	19.1	504.57	16.74	57041.50	825.92	1.365498e+05	7.010332e+00	6.504759e+00	639.18	2.625529e-07	4394	1.286e-01
135kHz_150dA_100Mss_Ni0539.txt	06/06/2024 11:20:33	19.1	510.26	16.67	57041.50	820.69	1.365498e+05	7.012467e+00	6.504945e+00	639.90	2.627832e-07	4394	1.311e-01
135kHz_150dA_100Mss_Ni0540.txt	06/06/2024 11:20:33	19.1	508.72	16.80	57041.50	800.89	1.365498e+05	6.932227e+00	6.507854e+00	640.74	2.663465e-07	4394	1.356e-01
135kHz_150dA_100Mss_Ni0541.txt	06/06/2024 11:20:34	19.3	506.79	16.75	57041.50	810.32	1.365498e+05	6.935496e+00	6.508442e+00	642.69	2.670665e-07	4394	1.301e-01
135kHz_150dA_100Mss_Ni0542.txt	06/06/2024 11:20:34	19.3	505.99	16.76	57041.50	815.81	1.365498e+05	6.980382e+00	6.506777e+00	642.15	2.650242e-07	4394	1.328e-01
135kHz_150dA_100Mss_Ni0543.txt	06/06/2024 11:20:35	19.3	500.18	16.77	57041.50	821.42	1.365498e+05	7.016676e+00	6.505739e+00	642.54	2.637528e-07	4394	1.309e-01
135kHz_150dA_100Mss_Ni0544.txt	06/06/2024 11:20:35	19.3	507.55	16.90	57041.50	814.06	1.365498e+05	6.960428e+00	6.508246e+00	644.45	2.668251e-07	4394	1.292e-01
135kHz_150dA_100Mss_Ni0545.txt	06/06/2024 11:20:36	19.5	501.17	16.77	57041.50	819.77	1.365809e+05	6.951189e+00	6.505985e+00	637.38	2.640520e-07	4393	1.285e-01
135kHz_150dA_100Mss_Ni0546.txt	06/06/2024 11:20:36	19.5	510.90	16.83	57041.50	811.64	1.365498e+05	7.042422e+00	6.506436e+00	646.89	2.646039e-07	4394	1.307e-01
135kHz_150dA_100Mss_Ni0547.txt	06/06/2024 11:20:37	19.5	502.26	16.69	57041.50	820.88	1.365809e+05	7.018564e+00	6.504749e+00	640.05	2.625369e-07	4393	1.293e-01
135kHz_150dA_100Mss_Ni0548.txt	06/06/2024 11:20:37	19.5	499.76	16.67	57041.50	839.26	1.365809e+05	7.095775e+00	6.501758e+00	638.49	2.588783e-07	4393	1.309e-01
135kHz_150dA_100Mss_Ni0549.txt	06/06/2024 11:20:38	19.7	507.26	16.76	57041.50	822.48	1.365498e+05	7.047237e+00	6.503721e+00	639.58	2.612784e-07	4394	1.328e-01
135kHz_150dA_100Mss_Ni0550.txt	06/06/2024 11:20:38	19.7	513.51	16.56	57041.50	824.80	1.365809e+05	7.121463e+00	6.501297e+00	639.47	2.583157e-07	4393	1.300e-01
135kHz_150dA_100Mss_Ni0551.txt	06/06/2024 11:20:39	19.8	512.47	16.63	57041.50	825.56	1.365498e+05	7.060610e+00	6.502666e+00	637.78	2.599890e-07	4394	1.325e-01
135kHz_150dA_100Mss_Ni0552.txt	06/06/2024 11:20:40	19.8	512.94	16.79	57041.50	826.06	1.365498e+05	7.136313e+00	6.503263e+00	646.35	2.607180e-07	4394	1.283e-01
135kHz_150dA_100Mss_Ni0553.txt	06/06/2024 11:20:40	19.8	515.21	16.79	57041.50	817.35	1.365498e+05	7.094948e+00	6.505394e+00	648.72	2.633280e-07	4394	1.308e-01
135kHz_150dA_100Mss_Ni0554.txt	06/06/2024 11:20:41	20.0	509.65	16.83	57041.50	817.84	1.365498e+05	7.028147e+00	6.506838e+00	646.72	2.650987e-07	4394	1.311e-01
135kHz_150dA_100Mss_Ni0555.txt	06/06/2024 11:20:41	20.0	514.05	16.69	57041.50	823.38	1.365498e+05	7.122696e+00	6.504683e+00	649.21	2.624586e-07	4394	1.293e-01
135kHz_150dA_100Mss_Ni0556.txt	06/06/2024 11:20:42	20.1	498.12	16.69	57041.50	831.38	1.365498e+05	7.048438e+00	6.501262e+00	632.67	2.582674e-07	4394	1.293e-01
135kHz_150dA_100Mss_Ni0557.txt	06/06/2024 11:20:42	20.1	507.15	16.68	57041.50	819.07	1.365498e+05	7.061006e+00	6.506443e+00	648.61	2.646145e-07	4394	1.311e-01
135kHz_150dA_100Mss_Ni0558.txt	06/06/2024 11:20:43	20.2	502.75	16.70	57041.50	832.67	1.365498e+05	7.100971e+00	6.503410e+00	643.57	2.608999e-07	4394	1.268e-01
135kHz_150dA_100Mss_Ni0559.txt	06/06/2024 11:20:43	20.2	505.71	16.68	57041.50	843.59	1.365498e+05	7.135841e+00	6.499660e+00	635.89	2.563164e-07	4394	1.278e-01
135kHz_150dA_100Mss_Ni0560.txt	06/06/2024 11:20:44	20.3	507.75	16.51	57041.50	825.61	1.365809e+05	7.098158e+00	6.501741e+00	638.66	2.588593e-07	4393	1.302e-01
