# Temperatura_=_-3.9268115942028983
# Concentracion g/m^3_=_10000.0
# C_Vs_to_Am_M_A/Vsm_=_254322799225.57578
# pendiente_HvsI_1/m_=_3716.3
# ordenada_HvsI_A/m_=_1297.0
# frecuencia_Hz_=_136559.57104258394
# Promedio de 552 ciclos

Tiempo_(s)	Campo_(V.s)	Magnetizacion_(V.s)	Campo_(kA/m)	Magnetizacion_(A/m)
0.000000e+00	-1.093960e-08	-3.056195e-09	-5.695484e+01	-7.772600e+02
1.000000e-08	-1.093960e-08	-3.056792e-09	-5.695481e+01	-7.774119e+02
2.000000e-08	-1.093892e-08	-3.056481e-09	-5.695128e+01	-7.773328e+02
3.000000e-08	-1.093727e-08	-3.055410e-09	-5.694267e+01	-7.770604e+02
4.000000e-08	-1.093456e-08	-3.054896e-09	-5.692859e+01	-7.769297e+02
5.000000e-08	-1.093104e-08	-3.054978e-09	-5.691027e+01	-7.769505e+02
6.000000e-08	-1.092694e-08	-3.054944e-09	-5.688890e+01	-7.769420e+02
7.000000e-08	-1.092222e-08	-3.055872e-09	-5.686432e+01	-7.771778e+02
8.000000e-08	-1.091675e-08	-3.057756e-09	-5.683586e+01	-7.776571e+02
9.000000e-08	-1.091041e-08	-3.054442e-09	-5.680285e+01	-7.768142e+02
1.000000e-07	-1.090295e-08	-3.043054e-09	-5.676403e+01	-7.739179e+02
1.100000e-07	-1.089405e-08	-3.042482e-09	-5.671769e+01	-7.737725e+02
1.200000e-07	-1.088369e-08	-3.061298e-09	-5.666375e+01	-7.785579e+02
1.300000e-07	-1.087257e-08	-3.076648e-09	-5.660583e+01	-7.824618e+02
1.400000e-07	-1.086132e-08	-3.057522e-09	-5.654728e+01	-7.775975e+02
1.500000e-07	-1.084957e-08	-3.027309e-09	-5.648611e+01	-7.699138e+02
1.600000e-07	-1.083671e-08	-3.048126e-09	-5.641918e+01	-7.752080e+02
1.700000e-07	-1.082305e-08	-3.072049e-09	-5.634803e+01	-7.812920e+02
1.800000e-07	-1.080889e-08	-3.028833e-09	-5.627432e+01	-7.703014e+02
1.900000e-07	-1.079359e-08	-3.005763e-09	-5.619463e+01	-7.644341e+02
2.000000e-07	-1.077693e-08	-3.058770e-09	-5.610790e+01	-7.779149e+02
2.100000e-07	-1.075969e-08	-3.068973e-09	-5.601817e+01	-7.805099e+02
2.200000e-07	-1.074204e-08	-3.023181e-09	-5.592629e+01	-7.688640e+02
2.300000e-07	-1.072350e-08	-3.041317e-09	-5.582976e+01	-7.734764e+02
2.400000e-07	-1.070414e-08	-3.072065e-09	-5.572896e+01	-7.812962e+02
2.500000e-07	-1.068427e-08	-3.023722e-09	-5.562552e+01	-7.690015e+02
2.600000e-07	-1.066370e-08	-3.004014e-09	-5.551841e+01	-7.639892e+02
2.700000e-07	-1.064230e-08	-3.051629e-09	-5.540701e+01	-7.760988e+02
2.800000e-07	-1.062027e-08	-3.040957e-09	-5.529226e+01	-7.733846e+02
2.900000e-07	-1.059747e-08	-3.010970e-09	-5.517360e+01	-7.657583e+02
3.000000e-07	-1.057385e-08	-3.058700e-09	-5.505063e+01	-7.778971e+02
3.100000e-07	-1.054968e-08	-3.073771e-09	-5.492476e+01	-7.817301e+02
3.200000e-07	-1.052481e-08	-3.026897e-09	-5.479527e+01	-7.698088e+02
3.300000e-07	-1.049880e-08	-3.043840e-09	-5.465987e+01	-7.741179e+02
3.400000e-07	-1.047175e-08	-3.073195e-09	-5.451905e+01	-7.815835e+02
3.500000e-07	-1.044403e-08	-3.024633e-09	-5.437472e+01	-7.692331e+02
3.600000e-07	-1.041570e-08	-3.012390e-09	-5.422725e+01	-7.661196e+02
3.700000e-07	-1.038673e-08	-3.051386e-09	-5.407642e+01	-7.760370e+02
3.800000e-07	-1.035704e-08	-3.020525e-09	-5.392185e+01	-7.681883e+02
3.900000e-07	-1.032656e-08	-2.999434e-09	-5.376316e+01	-7.628245e+02
4.000000e-07	-1.029535e-08	-3.037384e-09	-5.360066e+01	-7.724760e+02
4.100000e-07	-1.026349e-08	-3.020293e-09	-5.343480e+01	-7.681294e+02
4.200000e-07	-1.023095e-08	-3.002974e-09	-5.326535e+01	-7.637246e+02
4.300000e-07	-1.019758e-08	-3.039905e-09	-5.309165e+01	-7.731171e+02
4.400000e-07	-1.016326e-08	-3.029615e-09	-5.291295e+01	-7.705003e+02
4.500000e-07	-1.012802e-08	-3.004802e-09	-5.272946e+01	-7.641898e+02
4.600000e-07	-1.009209e-08	-3.025966e-09	-5.254240e+01	-7.695722e+02
4.700000e-07	-1.005557e-08	-3.022928e-09	-5.235228e+01	-7.687996e+02
4.800000e-07	-1.001838e-08	-3.005123e-09	-5.215865e+01	-7.642712e+02
4.900000e-07	-9.980463e-09	-3.020143e-09	-5.196125e+01	-7.680911e+02
5.000000e-07	-9.941832e-09	-3.021490e-09	-5.176013e+01	-7.684339e+02
5.100000e-07	-9.902522e-09	-3.007909e-09	-5.155547e+01	-7.649797e+02
5.200000e-07	-9.862623e-09	-3.013530e-09	-5.134774e+01	-7.664094e+02
5.300000e-07	-9.822103e-09	-3.014831e-09	-5.113678e+01	-7.667403e+02
5.400000e-07	-9.780712e-09	-3.007215e-09	-5.092129e+01	-7.648032e+02
5.500000e-07	-9.738286e-09	-3.010374e-09	-5.070041e+01	-7.656067e+02
5.600000e-07	-9.694946e-09	-3.011333e-09	-5.047477e+01	-7.658507e+02
5.700000e-07	-9.650896e-09	-3.007011e-09	-5.024543e+01	-7.647514e+02
5.800000e-07	-9.606229e-09	-3.005972e-09	-5.001288e+01	-7.644873e+02
5.900000e-07	-9.560947e-09	-3.003461e-09	-4.977712e+01	-7.638486e+02
6.000000e-07	-9.515020e-09	-3.001863e-09	-4.953802e+01	-7.634423e+02
6.100000e-07	-9.468439e-09	-3.002244e-09	-4.929550e+01	-7.635391e+02
6.200000e-07	-9.421218e-09	-2.998440e-09	-4.904965e+01	-7.625715e+02
6.300000e-07	-9.373342e-09	-2.998098e-09	-4.880040e+01	-7.624848e+02
6.400000e-07	-9.324713e-09	-3.001624e-09	-4.854722e+01	-7.633813e+02
6.500000e-07	-9.275186e-09	-2.997626e-09	-4.828937e+01	-7.623647e+02
6.600000e-07	-9.224680e-09	-2.992236e-09	-4.802642e+01	-7.609939e+02
6.700000e-07	-9.173251e-09	-2.991831e-09	-4.775867e+01	-7.608908e+02
6.800000e-07	-9.121024e-09	-2.989262e-09	-4.748676e+01	-7.602375e+02
6.900000e-07	-9.068063e-09	-2.987121e-09	-4.721103e+01	-7.596929e+02
7.000000e-07	-9.014392e-09	-2.988872e-09	-4.693160e+01	-7.601384e+02
7.100000e-07	-8.960061e-09	-2.986716e-09	-4.664874e+01	-7.595900e+02
7.200000e-07	-8.905138e-09	-2.981841e-09	-4.636279e+01	-7.583502e+02
7.300000e-07	-8.849704e-09	-2.980713e-09	-4.607418e+01	-7.580633e+02
7.400000e-07	-8.793774e-09	-2.979735e-09	-4.578299e+01	-7.578147e+02
7.500000e-07	-8.737244e-09	-2.976440e-09	-4.548868e+01	-7.569764e+02
7.600000e-07	-8.680019e-09	-2.974804e-09	-4.519075e+01	-7.565604e+02
7.700000e-07	-8.622059e-09	-2.973755e-09	-4.488900e+01	-7.562936e+02
7.800000e-07	-8.563331e-09	-2.971368e-09	-4.458324e+01	-7.556866e+02
7.900000e-07	-8.503867e-09	-2.969280e-09	-4.427365e+01	-7.551555e+02
8.000000e-07	-8.443769e-09	-2.967082e-09	-4.396076e+01	-7.545965e+02
8.100000e-07	-8.383099e-09	-2.963440e-09	-4.364490e+01	-7.536705e+02
8.200000e-07	-8.321831e-09	-2.960333e-09	-4.332592e+01	-7.528801e+02
8.300000e-07	-8.259960e-09	-2.958840e-09	-4.300380e+01	-7.525006e+02
8.400000e-07	-8.197526e-09	-2.957824e-09	-4.267875e+01	-7.522420e+02
8.500000e-07	-8.134552e-09	-2.955913e-09	-4.235088e+01	-7.517560e+02
8.600000e-07	-8.071053e-09	-2.953200e-09	-4.202029e+01	-7.510661e+02
8.700000e-07	-8.007052e-09	-2.950169e-09	-4.168708e+01	-7.502953e+02
8.800000e-07	-7.942517e-09	-2.947340e-09	-4.135109e+01	-7.495757e+02
8.900000e-07	-7.877370e-09	-2.945174e-09	-4.101192e+01	-7.490249e+02
9.000000e-07	-7.811590e-09	-2.943422e-09	-4.066945e+01	-7.485793e+02
9.100000e-07	-7.745169e-09	-2.940677e-09	-4.032364e+01	-7.478811e+02
9.200000e-07	-7.678112e-09	-2.937249e-09	-3.997452e+01	-7.470094e+02
9.300000e-07	-7.610475e-09	-2.934499e-09	-3.962238e+01	-7.463100e+02
9.400000e-07	-7.542289e-09	-2.931621e-09	-3.926738e+01	-7.455780e+02
9.500000e-07	-7.473558e-09	-2.928134e-09	-3.890955e+01	-7.446911e+02
9.600000e-07	-7.404316e-09	-2.924863e-09	-3.854905e+01	-7.438593e+02
9.700000e-07	-7.334591e-09	-2.922024e-09	-3.818604e+01	-7.431373e+02
9.800000e-07	-7.264356e-09	-2.919488e-09	-3.782038e+01	-7.424923e+02
9.900000e-07	-7.193602e-09	-2.917486e-09	-3.745201e+01	-7.419833e+02
1.000000e-06	-7.122368e-09	-2.915026e-09	-3.708114e+01	-7.413576e+02
1.010000e-06	-7.050665e-09	-2.910901e-09	-3.670784e+01	-7.403085e+02
1.020000e-06	-6.978468e-09	-2.906584e-09	-3.633196e+01	-7.392105e+02
1.030000e-06	-6.905798e-09	-2.903545e-09	-3.595361e+01	-7.384377e+02
1.040000e-06	-6.832600e-09	-2.900504e-09	-3.557253e+01	-7.376644e+02
1.050000e-06	-6.758759e-09	-2.896681e-09	-3.518809e+01	-7.366921e+02
1.060000e-06	-6.684265e-09	-2.892452e-09	-3.480025e+01	-7.356166e+02
1.070000e-06	-6.609166e-09	-2.888097e-09	-3.440927e+01	-7.345090e+02
1.080000e-06	-6.533472e-09	-2.884027e-09	-3.401518e+01	-7.334737e+02
1.090000e-06	-6.457210e-09	-2.880288e-09	-3.361814e+01	-7.325230e+02
1.100000e-06	-6.380426e-09	-2.876042e-09	-3.321838e+01	-7.314431e+02
1.110000e-06	-6.303125e-09	-2.871509e-09	-3.281593e+01	-7.302902e+02
1.120000e-06	-6.225305e-09	-2.867518e-09	-3.241078e+01	-7.292751e+02
1.130000e-06	-6.146974e-09	-2.863909e-09	-3.200297e+01	-7.283572e+02
1.140000e-06	-6.068147e-09	-2.859867e-09	-3.159257e+01	-7.273293e+02
1.150000e-06	-5.988870e-09	-2.855066e-09	-3.117984e+01	-7.261085e+02
1.160000e-06	-5.909179e-09	-2.849518e-09	-3.076494e+01	-7.246975e+02
1.170000e-06	-5.829050e-09	-2.844338e-09	-3.034777e+01	-7.233800e+02
1.180000e-06	-5.748439e-09	-2.840105e-09	-2.992808e+01	-7.223035e+02
1.190000e-06	-5.667319e-09	-2.836063e-09	-2.950574e+01	-7.212754e+02
1.200000e-06	-5.585719e-09	-2.831478e-09	-2.908091e+01	-7.201093e+02
1.210000e-06	-5.503715e-09	-2.826021e-09	-2.865397e+01	-7.187215e+02
1.220000e-06	-5.421375e-09	-2.820357e-09	-2.822528e+01	-7.172812e+02
1.230000e-06	-5.338720e-09	-2.814942e-09	-2.779496e+01	-7.159039e+02
1.240000e-06	-5.255752e-09	-2.809540e-09	-2.736300e+01	-7.145302e+02
1.250000e-06	-5.172464e-09	-2.803744e-09	-2.692937e+01	-7.130561e+02
1.260000e-06	-5.088862e-09	-2.798093e-09	-2.649411e+01	-7.116189e+02
1.270000e-06	-5.004951e-09	-2.793774e-09	-2.605724e+01	-7.105203e+02
1.280000e-06	-4.920736e-09	-2.789282e-09	-2.561879e+01	-7.093780e+02
1.290000e-06	-4.836233e-09	-2.783436e-09	-2.517884e+01	-7.078912e+02
1.300000e-06	-4.751469e-09	-2.777053e-09	-2.473753e+01	-7.062679e+02
1.310000e-06	-4.666445e-09	-2.769933e-09	-2.429487e+01	-7.044572e+02
1.320000e-06	-4.581125e-09	-2.762747e-09	-2.385067e+01	-7.026296e+02
1.330000e-06	-4.495482e-09	-2.756875e-09	-2.340478e+01	-7.011361e+02
1.340000e-06	-4.409491e-09	-2.751942e-09	-2.295709e+01	-6.998815e+02
1.350000e-06	-4.323154e-09	-2.746352e-09	-2.250759e+01	-6.984599e+02
1.360000e-06	-4.236524e-09	-2.739819e-09	-2.205657e+01	-6.967986e+02
1.370000e-06	-4.149642e-09	-2.733315e-09	-2.160423e+01	-6.951444e+02
1.380000e-06	-4.062507e-09	-2.726549e-09	-2.115058e+01	-6.934235e+02
1.390000e-06	-3.975114e-09	-2.718778e-09	-2.069559e+01	-6.914473e+02
1.400000e-06	-3.887461e-09	-2.710715e-09	-2.023924e+01	-6.893967e+02
1.410000e-06	-3.799540e-09	-2.703201e-09	-1.978149e+01	-6.874856e+02
1.420000e-06	-3.711348e-09	-2.696528e-09	-1.932233e+01	-6.857886e+02
1.430000e-06	-3.622882e-09	-2.690233e-09	-1.886175e+01	-6.841875e+02
1.440000e-06	-3.534134e-09	-2.683424e-09	-1.839970e+01	-6.824559e+02
1.450000e-06	-3.445112e-09	-2.675589e-09	-1.793623e+01	-6.804633e+02
1.460000e-06	-3.355837e-09	-2.666920e-09	-1.747144e+01	-6.782587e+02
1.470000e-06	-3.266314e-09	-2.658365e-09	-1.700536e+01	-6.760827e+02
1.480000e-06	-3.176531e-09	-2.650468e-09	-1.653793e+01	-6.740745e+02
1.490000e-06	-3.086484e-09	-2.642648e-09	-1.606912e+01	-6.720856e+02
1.500000e-06	-2.996187e-09	-2.634531e-09	-1.559901e+01	-6.700213e+02
1.510000e-06	-2.905653e-09	-2.626092e-09	-1.512767e+01	-6.678752e+02
1.520000e-06	-2.814897e-09	-2.617363e-09	-1.465516e+01	-6.656550e+02
1.530000e-06	-2.723933e-09	-2.608308e-09	-1.418158e+01	-6.633521e+02
1.540000e-06	-2.632764e-09	-2.599137e-09	-1.370692e+01	-6.610197e+02
1.550000e-06	-2.541393e-09	-2.589972e-09	-1.323122e+01	-6.586888e+02
1.560000e-06	-2.449837e-09	-2.580725e-09	-1.275455e+01	-6.563373e+02
1.570000e-06	-2.358102e-09	-2.571563e-09	-1.227695e+01	-6.540072e+02
1.580000e-06	-2.266184e-09	-2.561900e-09	-1.179840e+01	-6.515495e+02
1.590000e-06	-2.174078e-09	-2.551436e-09	-1.131887e+01	-6.488884e+02
1.600000e-06	-2.081793e-09	-2.540542e-09	-1.083840e+01	-6.461177e+02
1.610000e-06	-1.989338e-09	-2.529828e-09	-1.035705e+01	-6.433929e+02
1.620000e-06	-1.896714e-09	-2.519538e-09	-9.874823e+00	-6.407760e+02
1.630000e-06	-1.803942e-09	-2.509346e-09	-9.391818e+00	-6.381838e+02
1.640000e-06	-1.711037e-09	-2.499086e-09	-8.908129e+00	-6.355745e+02
1.650000e-06	-1.618024e-09	-2.488194e-09	-8.423874e+00	-6.328045e+02
1.660000e-06	-1.524933e-09	-2.476077e-09	-7.939213e+00	-6.297227e+02
1.670000e-06	-1.431780e-09	-2.463454e-09	-7.454228e+00	-6.265125e+02
1.680000e-06	-1.338569e-09	-2.450938e-09	-6.968945e+00	-6.233294e+02
1.690000e-06	-1.245301e-09	-2.438707e-09	-6.483361e+00	-6.202187e+02
1.700000e-06	-1.151971e-09	-2.426535e-09	-5.997456e+00	-6.171231e+02
1.710000e-06	-1.058576e-09	-2.413776e-09	-5.511213e+00	-6.138783e+02
1.720000e-06	-9.651155e-10	-2.400825e-09	-5.024631e+00	-6.105845e+02
1.730000e-06	-8.715884e-10	-2.387447e-09	-4.537701e+00	-6.071821e+02
1.740000e-06	-7.779908e-10	-2.372884e-09	-4.050404e+00	-6.034784e+02
1.750000e-06	-6.843228e-10	-2.357752e-09	-3.562740e+00	-5.996301e+02
1.760000e-06	-5.905895e-10	-2.342350e-09	-3.074737e+00	-5.957130e+02
1.770000e-06	-4.968028e-10	-2.326714e-09	-2.586455e+00	-5.917364e+02
1.780000e-06	-4.029797e-10	-2.311551e-09	-2.097984e+00	-5.878802e+02
1.790000e-06	-3.091373e-10	-2.296330e-09	-1.609412e+00	-5.840091e+02
1.800000e-06	-2.152954e-10	-2.279891e-09	-1.120844e+00	-5.798284e+02
1.810000e-06	-1.214714e-10	-2.262182e-09	-6.323676e-01	-5.753244e+02
1.820000e-06	-2.767710e-11	-2.243732e-09	-1.440467e-01	-5.706321e+02
1.830000e-06	6.608868e-11	-2.224896e-09	3.441261e-01	-5.658418e+02
1.840000e-06	1.598385e-10	-2.205740e-09	8.322158e-01	-5.609699e+02
1.850000e-06	2.535797e-10	-2.186071e-09	1.320260e+00	-5.559677e+02
1.860000e-06	3.473156e-10	-2.165725e-09	1.808278e+00	-5.507932e+02
1.870000e-06	4.410524e-10	-2.144583e-09	2.296300e+00	-5.454163e+02
1.880000e-06	5.347837e-10	-2.122544e-09	2.784293e+00	-5.398114e+02
1.890000e-06	6.285000e-10	-2.099521e-09	3.272207e+00	-5.339560e+02
1.900000e-06	7.221905e-10	-2.075361e-09	3.759988e+00	-5.278116e+02
1.910000e-06	8.158412e-10	-2.049613e-09	4.247562e+00	-5.212633e+02
1.920000e-06	9.094368e-10	-2.022505e-09	4.734849e+00	-5.143692e+02
1.930000e-06	1.002960e-09	-1.994320e-09	5.221757e+00	-5.072010e+02
1.940000e-06	1.096395e-09	-1.964725e-09	5.708210e+00	-4.996745e+02
1.950000e-06	1.189731e-09	-1.933839e-09	6.194145e+00	-4.918194e+02
1.960000e-06	1.282963e-09	-1.901387e-09	6.679541e+00	-4.835660e+02
1.970000e-06	1.376096e-09	-1.867213e-09	7.164418e+00	-4.748748e+02
1.980000e-06	1.469138e-09	-1.831648e-09	7.648826e+00	-4.658300e+02
1.990000e-06	1.562102e-09	-1.794193e-09	8.132824e+00	-4.563042e+02
2.000000e-06	1.654990e-09	-1.754332e-09	8.616430e+00	-4.461666e+02
2.010000e-06	1.747801e-09	-1.712020e-09	9.099633e+00	-4.354056e+02
2.020000e-06	1.840526e-09	-1.667285e-09	9.582391e+00	-4.240286e+02
2.030000e-06	1.933149e-09	-1.620305e-09	1.006461e+01	-4.120804e+02
2.040000e-06	2.025651e-09	-1.571042e-09	1.054621e+01	-3.995519e+02
2.050000e-06	2.118016e-09	-1.519055e-09	1.102709e+01	-3.863303e+02
2.060000e-06	2.210227e-09	-1.463573e-09	1.150717e+01	-3.722201e+02
2.070000e-06	2.302261e-09	-1.404380e-09	1.198633e+01	-3.571657e+02
2.080000e-06	2.394082e-09	-1.341316e-09	1.246438e+01	-3.411272e+02
2.090000e-06	2.485668e-09	-1.273600e-09	1.294120e+01	-3.239055e+02
2.100000e-06	2.577004e-09	-1.200044e-09	1.341672e+01	-3.051985e+02
2.110000e-06	2.668096e-09	-1.118699e-09	1.389097e+01	-2.845106e+02
2.120000e-06	2.758960e-09	-1.027561e-09	1.436404e+01	-2.613322e+02
2.130000e-06	2.849617e-09	-9.246576e-10	1.483602e+01	-2.351615e+02
2.140000e-06	2.940085e-09	-8.070398e-10	1.530703e+01	-2.052486e+02
2.150000e-06	3.030363e-09	-6.708608e-10	1.577703e+01	-1.706152e+02
2.160000e-06	3.120442e-09	-5.118930e-10	1.624601e+01	-1.301861e+02
2.170000e-06	3.210323e-09	-3.271683e-10	1.671396e+01	-8.320637e+01
2.180000e-06	3.299997e-09	-1.168710e-10	1.718082e+01	-2.972295e+01
2.190000e-06	3.389438e-09	1.149160e-10	1.764648e+01	2.922575e+01
2.200000e-06	3.478616e-09	3.599227e-10	1.811076e+01	9.153654e+01
2.210000e-06	3.567511e-09	6.062052e-10	1.857357e+01	1.541718e+02
2.220000e-06	3.656094e-09	8.406091e-10	1.903476e+01	2.137861e+02
2.230000e-06	3.744336e-09	1.052777e-09	1.949418e+01	2.677451e+02
2.240000e-06	3.832241e-09	1.237719e-09	1.995183e+01	3.147801e+02
2.250000e-06	3.919831e-09	1.395979e-09	2.040786e+01	3.550292e+02
2.260000e-06	4.007146e-09	1.531569e-09	2.086244e+01	3.895129e+02
2.270000e-06	4.094207e-09	1.648755e-09	2.131571e+01	4.193161e+02
2.280000e-06	4.181022e-09	1.751030e-09	2.176770e+01	4.453269e+02
2.290000e-06	4.267588e-09	1.841562e-09	2.221839e+01	4.683511e+02
2.300000e-06	4.353883e-09	1.922912e-09	2.266767e+01	4.890404e+02
2.310000e-06	4.439884e-09	1.996916e-09	2.311541e+01	5.078613e+02
2.320000e-06	4.525573e-09	2.064305e-09	2.356154e+01	5.249998e+02
2.330000e-06	4.610949e-09	2.125166e-09	2.400603e+01	5.404782e+02
2.340000e-06	4.696017e-09	2.180464e-09	2.444892e+01	5.545416e+02
2.350000e-06	4.780780e-09	2.231294e-09	2.489022e+01	5.674689e+02
2.360000e-06	4.865231e-09	2.278215e-09	2.532990e+01	5.794020e+02
2.370000e-06	4.949354e-09	2.321476e-09	2.576788e+01	5.904042e+02
2.380000e-06	5.033130e-09	2.360992e-09	2.620404e+01	6.004542e+02
2.390000e-06	5.116549e-09	2.397300e-09	2.663835e+01	6.096880e+02
2.400000e-06	5.199621e-09	2.431157e-09	2.707084e+01	6.182986e+02
2.410000e-06	5.282364e-09	2.462580e-09	2.750163e+01	6.262902e+02
2.420000e-06	5.364792e-09	2.491429e-09	2.793077e+01	6.336273e+02
2.430000e-06	5.446896e-09	2.517952e-09	2.835823e+01	6.403726e+02
2.440000e-06	5.528644e-09	2.542740e-09	2.878384e+01	6.466768e+02
2.450000e-06	5.609989e-09	2.566171e-09	2.920735e+01	6.526358e+02
2.460000e-06	5.690884e-09	2.588180e-09	2.962851e+01	6.582331e+02
2.470000e-06	5.771299e-09	2.608352e-09	3.004717e+01	6.633634e+02
2.480000e-06	5.851239e-09	2.626579e-09	3.046336e+01	6.679990e+02
2.490000e-06	5.930719e-09	2.643510e-09	3.087716e+01	6.723050e+02
2.500000e-06	6.009739e-09	2.659551e-09	3.128856e+01	6.763845e+02
2.510000e-06	6.088283e-09	2.674711e-09	3.169748e+01	6.802399e+02
2.520000e-06	6.166341e-09	2.689115e-09	3.210387e+01	6.839034e+02
2.530000e-06	6.243917e-09	2.702753e-09	3.250775e+01	6.873717e+02
2.540000e-06	6.321042e-09	2.715998e-09	3.290929e+01	6.907401e+02
2.550000e-06	6.397739e-09	2.729078e-09	3.330860e+01	6.940667e+02
2.560000e-06	6.473985e-09	2.741227e-09	3.370556e+01	6.971566e+02
2.570000e-06	6.549725e-09	2.752039e-09	3.409988e+01	6.999062e+02
2.580000e-06	6.624898e-09	2.761878e-09	3.449126e+01	7.024086e+02
2.590000e-06	6.699463e-09	2.771478e-09	3.487946e+01	7.048502e+02
2.600000e-06	6.773427e-09	2.781116e-09	3.526454e+01	7.073011e+02
2.610000e-06	6.846807e-09	2.790750e-09	3.564657e+01	7.097513e+02
2.620000e-06	6.919602e-09	2.799940e-09	3.602556e+01	7.120885e+02
2.630000e-06	6.991816e-09	2.808304e-09	3.640153e+01	7.142158e+02
2.640000e-06	7.063478e-09	2.816502e-09	3.677462e+01	7.163007e+02
2.650000e-06	7.134637e-09	2.824631e-09	3.714510e+01	7.183680e+02
2.660000e-06	7.205322e-09	2.832125e-09	3.751310e+01	7.202739e+02
2.670000e-06	7.275527e-09	2.838904e-09	3.787861e+01	7.219980e+02
2.680000e-06	7.345235e-09	2.845397e-09	3.824153e+01	7.236494e+02
2.690000e-06	7.414454e-09	2.851996e-09	3.860190e+01	7.253277e+02
2.700000e-06	7.483217e-09	2.858884e-09	3.895991e+01	7.270794e+02
2.710000e-06	7.551529e-09	2.866049e-09	3.931556e+01	7.289016e+02
2.720000e-06	7.619346e-09	2.872612e-09	3.966864e+01	7.305706e+02
2.730000e-06	7.686596e-09	2.878234e-09	4.001876e+01	7.320004e+02
2.740000e-06	7.753211e-09	2.883810e-09	4.036558e+01	7.334186e+02
2.750000e-06	7.819162e-09	2.889146e-09	4.070893e+01	7.347756e+02
2.760000e-06	7.884447e-09	2.894464e-09	4.104882e+01	7.361282e+02
2.770000e-06	7.949087e-09	2.900234e-09	4.138536e+01	7.375957e+02
2.780000e-06	8.013126e-09	2.905392e-09	4.171876e+01	7.389075e+02
2.790000e-06	8.076613e-09	2.909988e-09	4.204930e+01	7.400764e+02
2.800000e-06	8.139598e-09	2.915027e-09	4.237722e+01	7.413578e+02
2.810000e-06	8.202096e-09	2.920158e-09	4.270260e+01	7.426627e+02
2.820000e-06	8.264073e-09	2.924371e-09	4.302527e+01	7.437341e+02
2.830000e-06	8.325509e-09	2.928111e-09	4.334513e+01	7.446855e+02
2.840000e-06	8.386435e-09	2.932320e-09	4.366233e+01	7.457559e+02
2.850000e-06	8.446880e-09	2.937062e-09	4.397703e+01	7.469618e+02
2.860000e-06	8.506805e-09	2.942127e-09	4.428901e+01	7.482499e+02
2.870000e-06	8.566111e-09	2.946350e-09	4.459778e+01	7.493240e+02
2.880000e-06	8.624688e-09	2.949296e-09	4.490275e+01	7.500732e+02
2.890000e-06	8.682464e-09	2.952312e-09	4.520354e+01	7.508402e+02
2.900000e-06	8.739443e-09	2.956097e-09	4.550019e+01	7.518027e+02
2.910000e-06	8.795707e-09	2.960158e-09	4.579312e+01	7.528358e+02
2.920000e-06	8.851354e-09	2.964292e-09	4.608283e+01	7.538870e+02
2.930000e-06	8.906433e-09	2.968131e-09	4.636959e+01	7.548635e+02
2.940000e-06	8.960947e-09	2.970783e-09	4.665341e+01	7.555378e+02
2.950000e-06	9.014864e-09	2.973063e-09	4.693411e+01	7.561176e+02
2.960000e-06	9.068143e-09	2.976117e-09	4.721150e+01	7.568943e+02
2.970000e-06	9.120755e-09	2.979232e-09	4.748541e+01	7.576866e+02
2.980000e-06	9.172632e-09	2.981646e-09	4.775550e+01	7.583006e+02
2.990000e-06	9.223663e-09	2.984043e-09	4.802118e+01	7.589102e+02
3.000000e-06	9.273769e-09	2.986980e-09	4.828204e+01	7.596571e+02
3.010000e-06	9.322961e-09	2.990011e-09	4.853814e+01	7.604280e+02
3.020000e-06	9.371331e-09	2.992661e-09	4.878997e+01	7.611019e+02
3.030000e-06	9.418990e-09	2.995032e-09	4.903810e+01	7.617049e+02
3.040000e-06	9.466000e-09	2.997598e-09	4.928285e+01	7.623575e+02
3.050000e-06	9.512349e-09	3.000463e-09	4.952416e+01	7.630861e+02
3.060000e-06	9.558022e-09	3.003234e-09	4.976194e+01	7.637909e+02
3.070000e-06	9.603042e-09	3.005550e-09	4.999633e+01	7.643798e+02
3.080000e-06	9.647485e-09	3.007292e-09	5.022772e+01	7.648228e+02
3.090000e-06	9.691419e-09	3.008929e-09	5.045645e+01	7.652393e+02
3.100000e-06	9.734788e-09	3.011190e-09	5.068224e+01	7.658142e+02
3.110000e-06	9.777403e-09	3.014011e-09	5.090411e+01	7.665317e+02
3.120000e-06	9.819093e-09	3.016712e-09	5.112115e+01	7.672188e+02
3.130000e-06	9.859870e-09	3.018786e-09	5.133345e+01	7.677462e+02
3.140000e-06	9.899898e-09	3.020435e-09	5.154184e+01	7.681654e+02
3.150000e-06	9.939282e-09	3.022131e-09	5.174689e+01	7.685968e+02
3.160000e-06	9.978008e-09	3.023804e-09	5.194851e+01	7.690222e+02
3.170000e-06	1.001602e-08	3.025137e-09	5.214642e+01	7.693613e+02
3.180000e-06	1.005331e-08	3.026568e-09	5.234055e+01	7.697252e+02
3.190000e-06	1.008992e-08	3.028656e-09	5.253115e+01	7.702563e+02
3.200000e-06	1.012596e-08	3.031117e-09	5.271877e+01	7.708820e+02
3.210000e-06	1.016142e-08	3.033185e-09	5.290342e+01	7.714082e+02
3.220000e-06	1.019614e-08	3.034635e-09	5.308415e+01	7.717769e+02
3.230000e-06	1.022991e-08	3.035799e-09	5.325998e+01	7.720728e+02
3.240000e-06	1.026275e-08	3.036881e-09	5.343095e+01	7.723481e+02
3.250000e-06	1.029483e-08	3.038108e-09	5.359796e+01	7.726602e+02
3.260000e-06	1.032626e-08	3.039570e-09	5.376161e+01	7.730321e+02
3.270000e-06	1.035702e-08	3.040920e-09	5.392176e+01	7.733753e+02
3.280000e-06	1.038706e-08	3.041894e-09	5.407817e+01	7.736231e+02
3.290000e-06	1.041636e-08	3.043096e-09	5.423070e+01	7.739287e+02
3.300000e-06	1.044495e-08	3.044743e-09	5.437956e+01	7.743475e+02
3.310000e-06	1.047296e-08	3.045787e-09	5.452539e+01	7.746131e+02
3.320000e-06	1.050038e-08	3.046451e-09	5.466814e+01	7.747819e+02
3.330000e-06	1.052696e-08	3.047569e-09	5.480649e+01	7.750662e+02
3.340000e-06	1.055247e-08	3.048895e-09	5.493930e+01	7.754035e+02
3.350000e-06	1.057701e-08	3.050149e-09	5.506708e+01	7.757224e+02
3.360000e-06	1.060081e-08	3.051218e-09	5.519100e+01	7.759943e+02
3.370000e-06	1.062393e-08	3.052172e-09	5.531138e+01	7.762370e+02
3.380000e-06	1.064633e-08	3.053107e-09	5.542799e+01	7.764747e+02
3.390000e-06	1.066800e-08	3.054066e-09	5.554079e+01	7.767186e+02
3.400000e-06	1.068893e-08	3.055125e-09	5.564977e+01	7.769880e+02
3.410000e-06	1.070921e-08	3.055882e-09	5.575534e+01	7.771805e+02
3.420000e-06	1.072892e-08	3.056356e-09	5.585795e+01	7.773011e+02
3.430000e-06	1.074795e-08	3.057025e-09	5.595707e+01	7.774713e+02
3.440000e-06	1.076616e-08	3.057755e-09	5.605183e+01	7.776569e+02
3.450000e-06	1.078353e-08	3.058586e-09	5.614227e+01	7.778680e+02
3.460000e-06	1.080015e-08	3.059392e-09	5.622882e+01	7.780731e+02
3.470000e-06	1.081596e-08	3.059737e-09	5.631111e+01	7.781608e+02
3.480000e-06	1.083084e-08	3.060021e-09	5.638861e+01	7.782330e+02
3.490000e-06	1.084486e-08	3.060397e-09	5.646157e+01	7.783287e+02
3.500000e-06	1.085808e-08	3.060650e-09	5.653040e+01	7.783930e+02
3.510000e-06	1.087053e-08	3.060705e-09	5.659525e+01	7.784070e+02
3.520000e-06	1.088222e-08	3.061029e-09	5.665608e+01	7.784895e+02
3.530000e-06	1.089297e-08	3.062043e-09	5.671204e+01	7.787473e+02
3.540000e-06	1.090257e-08	3.063140e-09	5.676205e+01	7.790263e+02
3.550000e-06	1.091115e-08	3.064056e-09	5.680668e+01	7.792594e+02
3.560000e-06	1.091898e-08	3.064351e-09	5.684746e+01	7.793344e+02
3.570000e-06	1.092614e-08	3.063851e-09	5.688473e+01	7.792072e+02
3.580000e-06	1.093253e-08	3.063287e-09	5.691804e+01	7.790637e+02
3.590000e-06	1.093814e-08	3.063048e-09	5.694720e+01	7.790029e+02
3.600000e-06	1.094296e-08	3.063113e-09	5.697234e+01	7.790194e+02
3.610000e-06	1.094715e-08	3.063547e-09	5.699413e+01	7.791299e+02
3.620000e-06	1.095077e-08	3.064232e-09	5.701298e+01	7.793041e+02
3.630000e-06	1.095362e-08	3.064795e-09	5.702780e+01	7.794472e+02
3.640000e-06	1.095541e-08	3.064934e-09	5.703712e+01	7.794826e+02
3.650000e-06	1.095617e-08	3.064573e-09	5.704111e+01	7.793909e+02
3.660000e-06	1.095619e-08	3.064056e-09	5.704119e+01	7.792592e+02
3.670000e-06	1.095556e-08	3.063490e-09	5.703789e+01	7.791154e+02
3.680000e-06	1.095421e-08	3.063211e-09	5.703086e+01	7.790444e+02
3.690000e-06	1.095214e-08	3.063907e-09	5.702010e+01	7.792213e+02
3.700000e-06	1.094937e-08	3.064467e-09	5.700567e+01	7.793638e+02
3.710000e-06	1.094592e-08	3.064781e-09	5.698774e+01	7.794437e+02
3.720000e-06	1.094195e-08	3.065329e-09	5.696703e+01	7.795831e+02
3.730000e-06	1.093744e-08	3.063653e-09	5.694359e+01	7.791569e+02
3.740000e-06	1.093216e-08	3.061942e-09	5.691609e+01	7.787216e+02
3.750000e-06	1.092581e-08	3.074330e-09	5.688304e+01	7.818723e+02
3.760000e-06	1.091829e-08	3.086769e-09	5.684386e+01	7.850356e+02
3.770000e-06	1.090948e-08	3.068079e-09	5.679801e+01	7.802824e+02
3.780000e-06	1.089938e-08	3.033359e-09	5.674539e+01	7.714523e+02
3.790000e-06	1.088849e-08	3.039578e-09	5.668873e+01	7.730340e+02
3.800000e-06	1.087748e-08	3.080107e-09	5.663141e+01	7.833415e+02
3.810000e-06	1.086614e-08	3.073828e-09	5.657238e+01	7.817446e+02
3.820000e-06	1.085369e-08	3.028968e-09	5.650753e+01	7.703357e+02
3.830000e-06	1.083997e-08	3.041487e-09	5.643610e+01	7.735194e+02
3.840000e-06	1.082548e-08	3.078760e-09	5.636068e+01	7.829989e+02
3.850000e-06	1.081034e-08	3.044748e-09	5.628185e+01	7.743489e+02
3.860000e-06	1.079428e-08	3.010572e-09	5.619823e+01	7.656571e+02
3.870000e-06	1.077743e-08	3.057215e-09	5.611049e+01	7.775194e+02
3.880000e-06	1.076003e-08	3.081681e-09	5.601990e+01	7.837416e+02
3.890000e-06	1.074191e-08	3.024346e-09	5.592559e+01	7.691601e+02
3.900000e-06	1.072292e-08	3.015932e-09	5.582673e+01	7.670202e+02
3.910000e-06	1.070325e-08	3.055440e-09	5.572432e+01	7.770680e+02
3.920000e-06	1.068295e-08	3.024787e-09	5.561861e+01	7.692722e+02
3.930000e-06	1.066168e-08	2.995228e-09	5.550786e+01	7.617547e+02
3.940000e-06	1.063927e-08	3.049897e-09	5.539120e+01	7.756584e+02
3.950000e-06	1.061596e-08	3.069075e-09	5.526983e+01	7.805359e+02
3.960000e-06	1.059197e-08	3.029257e-09	5.514494e+01	7.704090e+02
3.970000e-06	1.056734e-08	3.054467e-09	5.501673e+01	7.768206e+02
3.980000e-06	1.054203e-08	3.085327e-09	5.488496e+01	7.846691e+02
3.990000e-06	1.051597e-08	3.032805e-09	5.474925e+01	7.713114e+02
4.000000e-06	1.048914e-08	3.017586e-09	5.460957e+01	7.674410e+02
4.010000e-06	1.046163e-08	3.052497e-09	5.446635e+01	7.763197e+02
4.020000e-06	1.043355e-08	3.013217e-09	5.432018e+01	7.663299e+02
4.030000e-06	1.040486e-08	2.990189e-09	5.417080e+01	7.604733e+02
4.040000e-06	1.037525e-08	3.033321e-09	5.401663e+01	7.714427e+02
4.050000e-06	1.034452e-08	3.012719e-09	5.385667e+01	7.662031e+02
4.060000e-06	1.031289e-08	2.987969e-09	5.369195e+01	7.599087e+02
4.070000e-06	1.028051e-08	3.028921e-09	5.352337e+01	7.703236e+02
4.080000e-06	1.024734e-08	3.010128e-09	5.335071e+01	7.655443e+02
4.090000e-06	1.021345e-08	2.990015e-09	5.317425e+01	7.604290e+02
4.100000e-06	1.017895e-08	3.032891e-09	5.299465e+01	7.713334e+02
4.110000e-06	1.014384e-08	3.011981e-09	5.281183e+01	7.660154e+02
4.120000e-06	1.010812e-08	2.990870e-09	5.262586e+01	7.606466e+02
4.130000e-06	1.007182e-08	3.028280e-09	5.243689e+01	7.701607e+02
4.140000e-06	1.003477e-08	3.007674e-09	5.224401e+01	7.649200e+02
4.150000e-06	9.996730e-09	2.983390e-09	5.204594e+01	7.587440e+02
4.160000e-06	9.957720e-09	3.014405e-09	5.184284e+01	7.666320e+02
4.170000e-06	9.917957e-09	3.011074e-09	5.163582e+01	7.657849e+02
4.180000e-06	9.877542e-09	2.997662e-09	5.142541e+01	7.623739e+02
4.190000e-06	9.836457e-09	3.013625e-09	5.121151e+01	7.664336e+02
4.200000e-06	9.794663e-09	3.007140e-09	5.099391e+01	7.647843e+02
4.210000e-06	9.752146e-09	2.995467e-09	5.077256e+01	7.618156e+02
4.220000e-06	9.708940e-09	3.000513e-09	5.054761e+01	7.630988e+02
4.230000e-06	9.665132e-09	2.995311e-09	5.031953e+01	7.617759e+02
4.240000e-06	9.620788e-09	2.993453e-09	5.008866e+01	7.613034e+02
4.250000e-06	9.575866e-09	2.998764e-09	4.985479e+01	7.626540e+02
4.260000e-06	9.530277e-09	2.994635e-09	4.961743e+01	7.616039e+02
4.270000e-06	9.483992e-09	2.993912e-09	4.937646e+01	7.614202e+02
4.280000e-06	9.437022e-09	2.995922e-09	4.913192e+01	7.619314e+02
4.290000e-06	9.389344e-09	2.987029e-09	4.888369e+01	7.596695e+02
4.300000e-06	9.340951e-09	2.982049e-09	4.863175e+01	7.584030e+02
4.310000e-06	9.291812e-09	2.986495e-09	4.837591e+01	7.595337e+02
4.320000e-06	9.241884e-09	2.985095e-09	4.811597e+01	7.591777e+02
4.330000e-06	9.191204e-09	2.981578e-09	4.785212e+01	7.582832e+02
4.340000e-06	9.139802e-09	2.983093e-09	4.758451e+01	7.586685e+02
4.350000e-06	9.087623e-09	2.979014e-09	4.731285e+01	7.576312e+02
4.360000e-06	9.034596e-09	2.973038e-09	4.703677e+01	7.561115e+02
4.370000e-06	8.980693e-09	2.974357e-09	4.675614e+01	7.564467e+02
4.380000e-06	8.925959e-09	2.973269e-09	4.647118e+01	7.561701e+02
4.390000e-06	8.870504e-09	2.969147e-09	4.618247e+01	7.551219e+02
4.400000e-06	8.814441e-09	2.969538e-09	4.589058e+01	7.552212e+02
4.410000e-06	8.757835e-09	2.968306e-09	4.559587e+01	7.549078e+02
4.420000e-06	8.700676e-09	2.964056e-09	4.529829e+01	7.538269e+02
4.430000e-06	8.642904e-09	2.961907e-09	4.499750e+01	7.532804e+02
4.440000e-06	8.584496e-09	2.959823e-09	4.469342e+01	7.527504e+02
4.450000e-06	8.525502e-09	2.956818e-09	4.438627e+01	7.519862e+02
4.460000e-06	8.465945e-09	2.955480e-09	4.407620e+01	7.516460e+02
4.470000e-06	8.405788e-09	2.955381e-09	4.376301e+01	7.516208e+02
4.480000e-06	8.344977e-09	2.953082e-09	4.344640e+01	7.510361e+02
4.490000e-06	8.283458e-09	2.948723e-09	4.312612e+01	7.499275e+02
4.500000e-06	8.221206e-09	2.945131e-09	4.280202e+01	7.490140e+02
4.510000e-06	8.158250e-09	2.942736e-09	4.247425e+01	7.484049e+02
4.520000e-06	8.094665e-09	2.940857e-09	4.214321e+01	7.479271e+02
4.530000e-06	8.030512e-09	2.939496e-09	4.180921e+01	7.475808e+02
4.540000e-06	7.965854e-09	2.937962e-09	4.147258e+01	7.471908e+02
4.550000e-06	7.900717e-09	2.935342e-09	4.113346e+01	7.465243e+02
4.560000e-06	7.835057e-09	2.931419e-09	4.079161e+01	7.455266e+02
4.570000e-06	7.768830e-09	2.927988e-09	4.044681e+01	7.446542e+02
4.580000e-06	7.702068e-09	2.924947e-09	4.009922e+01	7.438808e+02
4.590000e-06	7.634824e-09	2.921485e-09	3.974913e+01	7.430003e+02
4.600000e-06	7.567057e-09	2.918651e-09	3.939631e+01	7.422795e+02
4.610000e-06	7.498689e-09	2.916701e-09	3.904036e+01	7.417835e+02
4.620000e-06	7.429724e-09	2.914920e-09	3.868131e+01	7.413306e+02
4.630000e-06	7.360195e-09	2.912192e-09	3.831933e+01	7.406369e+02
4.640000e-06	7.290062e-09	2.907864e-09	3.795420e+01	7.395361e+02
4.650000e-06	7.219283e-09	2.903288e-09	3.758570e+01	7.383724e+02
4.660000e-06	7.147902e-09	2.899898e-09	3.721407e+01	7.375101e+02
4.670000e-06	7.076004e-09	2.897391e-09	3.683975e+01	7.368727e+02
4.680000e-06	7.003672e-09	2.894547e-09	3.646316e+01	7.361492e+02
4.690000e-06	6.930939e-09	2.891212e-09	3.608449e+01	7.353012e+02
4.700000e-06	6.857748e-09	2.887323e-09	3.570344e+01	7.343120e+02
4.710000e-06	6.784026e-09	2.882954e-09	3.531962e+01	7.332009e+02
4.720000e-06	6.709790e-09	2.879155e-09	3.493312e+01	7.322349e+02
4.730000e-06	6.635071e-09	2.875709e-09	3.454411e+01	7.313585e+02
4.740000e-06	6.559855e-09	2.871551e-09	3.415252e+01	7.303010e+02
4.750000e-06	6.484132e-09	2.867082e-09	3.375828e+01	7.291644e+02
4.760000e-06	6.407835e-09	2.863409e-09	3.336105e+01	7.282302e+02
4.770000e-06	6.330921e-09	2.859844e-09	3.296062e+01	7.273235e+02
4.780000e-06	6.253468e-09	2.855505e-09	3.255738e+01	7.262199e+02
4.790000e-06	6.175536e-09	2.850804e-09	3.215164e+01	7.250245e+02
4.800000e-06	6.097099e-09	2.846178e-09	3.174328e+01	7.238481e+02
4.810000e-06	6.018158e-09	2.841499e-09	3.133229e+01	7.226581e+02
4.820000e-06	5.938774e-09	2.836925e-09	3.091899e+01	7.214947e+02
4.830000e-06	5.858975e-09	2.832423e-09	3.050353e+01	7.203498e+02
4.840000e-06	5.778739e-09	2.827699e-09	3.008580e+01	7.191483e+02
4.850000e-06	5.698053e-09	2.822719e-09	2.966572e+01	7.178817e+02
4.860000e-06	5.616923e-09	2.818013e-09	2.924334e+01	7.166850e+02
4.870000e-06	5.535378e-09	2.813467e-09	2.881879e+01	7.155289e+02
4.880000e-06	5.453482e-09	2.808600e-09	2.839241e+01	7.142910e+02
4.890000e-06	5.371270e-09	2.803523e-09	2.796439e+01	7.129998e+02
4.900000e-06	5.288736e-09	2.798324e-09	2.753469e+01	7.116777e+02
4.910000e-06	5.205871e-09	2.792723e-09	2.710327e+01	7.102530e+02
4.920000e-06	5.122698e-09	2.786637e-09	2.667024e+01	7.087054e+02
4.930000e-06	5.039234e-09	2.780316e-09	2.623570e+01	7.070978e+02
4.940000e-06	4.955454e-09	2.774245e-09	2.579952e+01	7.055538e+02
4.950000e-06	4.871319e-09	2.768742e-09	2.536148e+01	7.041543e+02
4.960000e-06	4.786813e-09	2.763432e-09	2.492151e+01	7.028039e+02
4.970000e-06	4.701948e-09	2.757841e-09	2.447968e+01	7.013818e+02
4.980000e-06	4.616740e-09	2.751970e-09	2.403607e+01	6.998887e+02
4.990000e-06	4.531183e-09	2.745806e-09	2.359063e+01	6.983211e+02
5.000000e-06	4.445248e-09	2.739526e-09	2.314323e+01	6.967238e+02
5.010000e-06	4.358919e-09	2.733400e-09	2.269378e+01	6.951659e+02
5.020000e-06	4.272216e-09	2.726819e-09	2.224238e+01	6.934924e+02
5.030000e-06	4.185178e-09	2.719698e-09	2.178924e+01	6.916813e+02
5.040000e-06	4.097821e-09	2.712754e-09	2.133443e+01	6.899153e+02
5.050000e-06	4.010138e-09	2.706307e-09	2.087793e+01	6.882756e+02
5.060000e-06	3.922142e-09	2.700259e-09	2.041979e+01	6.867374e+02
5.070000e-06	3.833865e-09	2.693718e-09	1.996019e+01	6.850740e+02
5.080000e-06	3.745344e-09	2.686450e-09	1.949932e+01	6.832254e+02
5.090000e-06	3.656598e-09	2.679311e-09	1.903728e+01	6.814098e+02
5.100000e-06	3.567630e-09	2.671707e-09	1.857408e+01	6.794759e+02
5.110000e-06	3.478441e-09	2.663270e-09	1.810974e+01	6.773303e+02
5.120000e-06	3.389037e-09	2.655165e-09	1.764427e+01	6.752689e+02
5.130000e-06	3.299413e-09	2.647382e-09	1.717766e+01	6.732896e+02
5.140000e-06	3.209550e-09	2.639512e-09	1.670981e+01	6.712882e+02
5.150000e-06	3.119443e-09	2.631674e-09	1.624068e+01	6.692948e+02
5.160000e-06	3.029112e-09	2.623539e-09	1.577039e+01	6.672259e+02
5.170000e-06	2.938585e-09	2.615088e-09	1.529908e+01	6.650764e+02
5.180000e-06	2.847895e-09	2.606338e-09	1.482692e+01	6.628513e+02
5.190000e-06	2.757061e-09	2.597866e-09	1.435401e+01	6.606965e+02
5.200000e-06	2.666085e-09	2.589877e-09	1.388036e+01	6.586648e+02
5.210000e-06	2.574955e-09	2.581608e-09	1.340591e+01	6.565617e+02
5.220000e-06	2.483662e-09	2.572068e-09	1.293060e+01	6.541355e+02
5.230000e-06	2.392201e-09	2.561489e-09	1.245443e+01	6.514450e+02
5.240000e-06	2.300573e-09	2.551039e-09	1.197739e+01	6.487873e+02
5.250000e-06	2.208760e-09	2.540438e-09	1.149938e+01	6.460913e+02
5.260000e-06	2.116760e-09	2.529910e-09	1.102040e+01	6.434137e+02
5.270000e-06	2.024581e-09	2.520441e-09	1.054049e+01	6.410056e+02
5.280000e-06	1.932209e-09	2.511218e-09	1.005957e+01	6.386600e+02
5.290000e-06	1.839648e-09	2.501639e-09	9.577666e+00	6.362238e+02
5.300000e-06	1.746924e-09	2.491592e-09	9.094919e+00	6.336687e+02
5.310000e-06	1.654063e-09	2.480649e-09	8.611461e+00	6.308857e+02
5.320000e-06	1.561096e-09	2.468585e-09	8.127445e+00	6.278174e+02
5.330000e-06	1.468049e-09	2.455428e-09	7.643015e+00	6.244712e+02
5.340000e-06	1.374937e-09	2.442247e-09	7.158249e+00	6.211191e+02
5.350000e-06	1.281754e-09	2.429998e-09	6.673114e+00	6.180038e+02
5.360000e-06	1.188487e-09	2.418609e-09	6.187540e+00	6.151075e+02
5.370000e-06	1.095131e-09	2.407177e-09	5.701502e+00	6.121999e+02
5.380000e-06	1.001691e-09	2.394915e-09	5.215025e+00	6.090815e+02
5.390000e-06	9.081697e-10	2.382188e-09	4.728129e+00	6.058448e+02
5.400000e-06	8.145769e-10	2.368925e-09	4.240860e+00	6.024716e+02
5.410000e-06	7.209189e-10	2.354375e-09	3.753251e+00	5.987713e+02
5.420000e-06	6.272003e-10	2.338771e-09	3.265326e+00	5.948027e+02
5.430000e-06	5.334295e-10	2.322723e-09	2.777130e+00	5.907213e+02
5.440000e-06	4.396161e-10	2.306950e-09	2.288712e+00	5.867099e+02
5.450000e-06	3.457798e-10	2.291663e-09	1.800174e+00	5.828223e+02
5.460000e-06	2.519379e-10	2.276680e-09	1.311608e+00	5.790116e+02
5.470000e-06	1.581063e-10	2.261298e-09	8.230955e-01	5.750997e+02
5.480000e-06	6.429798e-11	2.244396e-09	3.347038e-01	5.708010e+02
5.490000e-06	-2.949104e-11	2.225939e-09	-1.535871e-01	5.661070e+02
5.500000e-06	-1.232648e-10	2.206619e-09	-6.417985e-01	5.611935e+02
5.510000e-06	-2.170283e-10	2.186407e-09	-1.129957e+00	5.560532e+02
5.520000e-06	-3.107885e-10	2.165447e-09	-1.618098e+00	5.507226e+02
5.530000e-06	-4.045431e-10	2.144163e-09	-2.106210e+00	5.453095e+02
5.540000e-06	-4.982904e-10	2.122259e-09	-2.594283e+00	5.397389e+02
5.550000e-06	-5.920204e-10	2.099888e-09	-3.082267e+00	5.340494e+02
5.560000e-06	-6.857135e-10	2.077079e-09	-3.570059e+00	5.282486e+02
5.570000e-06	-7.793588e-10	2.052819e-09	-4.057601e+00	5.220787e+02
5.580000e-06	-8.729457e-10	2.026612e-09	-4.544840e+00	5.154137e+02
5.590000e-06	-9.664523e-10	1.999150e-09	-5.031661e+00	5.084294e+02
5.600000e-06	-1.059863e-09	1.970667e-09	-5.517984e+00	5.011856e+02
5.610000e-06	-1.153172e-09	1.940449e-09	-6.003777e+00	4.935005e+02
5.620000e-06	-1.246363e-09	1.908527e-09	-6.488956e+00	4.853819e+02
5.630000e-06	-1.339435e-09	1.875657e-09	-6.973510e+00	4.770223e+02
5.640000e-06	-1.432404e-09	1.841395e-09	-7.457538e+00	4.683087e+02
5.650000e-06	-1.525281e-09	1.804842e-09	-7.941080e+00	4.590125e+02
5.660000e-06	-1.618060e-09	1.766391e-09	-8.424112e+00	4.492336e+02
5.670000e-06	-1.710732e-09	1.725968e-09	-8.906588e+00	4.389530e+02
5.680000e-06	-1.803285e-09	1.682469e-09	-9.388449e+00	4.278901e+02
5.690000e-06	-1.895696e-09	1.636156e-09	-9.869567e+00	4.161118e+02
5.700000e-06	-1.987946e-09	1.587764e-09	-1.034985e+01	4.038045e+02
5.710000e-06	-2.080027e-09	1.536846e-09	-1.082925e+01	3.908550e+02
5.720000e-06	-2.171925e-09	1.482834e-09	-1.130770e+01	3.771185e+02
5.730000e-06	-2.263636e-09	1.426110e-09	-1.178517e+01	3.626922e+02
5.740000e-06	-2.355153e-09	1.366502e-09	-1.226164e+01	3.475326e+02
5.750000e-06	-2.446472e-09	1.302361e-09	-1.273708e+01	3.312200e+02
5.760000e-06	-2.537597e-09	1.232578e-09	-1.321150e+01	3.134728e+02
5.770000e-06	-2.628539e-09	1.156063e-09	-1.368497e+01	2.940132e+02
5.780000e-06	-2.719312e-09	1.070857e-09	-1.415757e+01	2.723434e+02
5.790000e-06	-2.809926e-09	9.751856e-10	-1.462933e+01	2.480119e+02
5.800000e-06	-2.900382e-09	8.666416e-10	-1.510027e+01	2.204067e+02
5.810000e-06	-2.990679e-09	7.420408e-10	-1.557039e+01	1.887179e+02
5.820000e-06	-3.080805e-09	5.976528e-10	-1.603961e+01	1.519967e+02
5.830000e-06	-3.170747e-09	4.296563e-10	-1.650788e+01	1.092714e+02
5.840000e-06	-3.260485e-09	2.361070e-10	-1.697508e+01	6.004740e+01
5.850000e-06	-3.350009e-09	1.794122e-11	-1.744117e+01	4.562861e+00
5.860000e-06	-3.439309e-09	-2.197147e-10	-1.790610e+01	-5.587845e+01
5.870000e-06	-3.528382e-09	-4.661923e-10	-1.836984e+01	-1.185633e+02
5.880000e-06	-3.617217e-09	-7.079620e-10	-1.883234e+01	-1.800509e+02
5.890000e-06	-3.705798e-09	-9.331557e-10	-1.929352e+01	-2.373228e+02
5.900000e-06	-3.794110e-09	-1.133904e-09	-1.975330e+01	-2.883776e+02
5.910000e-06	-3.882137e-09	-1.307573e-09	-2.021160e+01	-3.325456e+02
5.920000e-06	-3.969869e-09	-1.456038e-09	-2.066836e+01	-3.703038e+02
5.930000e-06	-4.057295e-09	-1.583039e-09	-2.112353e+01	-4.026030e+02
5.940000e-06	-4.144410e-09	-1.692484e-09	-2.157707e+01	-4.304373e+02
5.950000e-06	-4.231199e-09	-1.788634e-09	-2.202892e+01	-4.548905e+02
5.960000e-06	-4.317648e-09	-1.874630e-09	-2.247900e+01	-4.767612e+02
5.970000e-06	-4.403751e-09	-1.952323e-09	-2.292728e+01	-4.965201e+02
5.980000e-06	-4.489511e-09	-2.023201e-09	-2.337377e+01	-5.145460e+02
5.990000e-06	-4.574923e-09	-2.087583e-09	-2.381844e+01	-5.309199e+02
6.000000e-06	-4.659971e-09	-2.145836e-09	-2.426123e+01	-5.457351e+02
6.010000e-06	-4.744633e-09	-2.199211e-09	-2.470200e+01	-5.593095e+02
6.020000e-06	-4.828888e-09	-2.248146e-09	-2.514066e+01	-5.717547e+02
6.030000e-06	-4.912747e-09	-2.292495e-09	-2.557725e+01	-5.830337e+02
6.040000e-06	-4.996238e-09	-2.333126e-09	-2.601194e+01	-5.933672e+02
6.050000e-06	-5.079392e-09	-2.371226e-09	-2.644486e+01	-6.030568e+02
6.060000e-06	-5.162233e-09	-2.406879e-09	-2.687616e+01	-6.121241e+02
6.070000e-06	-5.244765e-09	-2.439559e-09	-2.730585e+01	-6.204355e+02
6.080000e-06	-5.326973e-09	-2.469481e-09	-2.773384e+01	-6.280454e+02
6.090000e-06	-5.408838e-09	-2.496962e-09	-2.816006e+01	-6.350343e+02
6.100000e-06	-5.490355e-09	-2.522116e-09	-2.858446e+01	-6.414316e+02
6.110000e-06	-5.571520e-09	-2.545492e-09	-2.900704e+01	-6.473767e+02
6.120000e-06	-5.652331e-09	-2.567463e-09	-2.942776e+01	-6.529645e+02
6.130000e-06	-5.732755e-09	-2.587910e-09	-2.984647e+01	-6.581645e+02
6.140000e-06	-5.812728e-09	-2.606929e-09	-3.026284e+01	-6.630016e+02
6.150000e-06	-5.892191e-09	-2.624801e-09	-3.067655e+01	-6.675468e+02
6.160000e-06	-5.971123e-09	-2.641841e-09	-3.108749e+01	-6.718803e+02
6.170000e-06	-6.049542e-09	-2.657853e-09	-3.149576e+01	-6.759527e+02
6.180000e-06	-6.127465e-09	-2.672454e-09	-3.190145e+01	-6.796659e+02
6.190000e-06	-6.204877e-09	-2.686242e-09	-3.230447e+01	-6.831725e+02
6.200000e-06	-6.281744e-09	-2.699611e-09	-3.270466e+01	-6.865726e+02
6.210000e-06	-6.358054e-09	-2.712286e-09	-3.310195e+01	-6.897961e+02
6.220000e-06	-6.433836e-09	-2.724184e-09	-3.349650e+01	-6.928221e+02
6.230000e-06	-6.509142e-09	-2.735441e-09	-3.388856e+01	-6.956851e+02
6.240000e-06	-6.583990e-09	-2.746294e-09	-3.427825e+01	-6.984453e+02
6.250000e-06	-6.658373e-09	-2.756502e-09	-3.466550e+01	-7.010414e+02
6.260000e-06	-6.732265e-09	-2.765999e-09	-3.505021e+01	-7.034566e+02
6.270000e-06	-6.805666e-09	-2.775332e-09	-3.543236e+01	-7.058302e+02
6.280000e-06	-6.878620e-09	-2.784352e-09	-3.581217e+01	-7.081242e+02
6.290000e-06	-6.951152e-09	-2.792685e-09	-3.618980e+01	-7.102436e+02
6.300000e-06	-7.023233e-09	-2.800724e-09	-3.656508e+01	-7.122881e+02
6.310000e-06	-7.094813e-09	-2.808502e-09	-3.693775e+01	-7.142662e+02
6.320000e-06	-7.165849e-09	-2.815737e-09	-3.730758e+01	-7.161061e+02
6.330000e-06	-7.236311e-09	-2.822908e-09	-3.767442e+01	-7.179298e+02
6.340000e-06	-7.306186e-09	-2.830056e-09	-3.803821e+01	-7.197477e+02
6.350000e-06	-7.375486e-09	-2.836444e-09	-3.839901e+01	-7.213725e+02
6.360000e-06	-7.444225e-09	-2.842372e-09	-3.875688e+01	-7.228800e+02
6.370000e-06	-7.512410e-09	-2.848309e-09	-3.911187e+01	-7.243899e+02
6.380000e-06	-7.580062e-09	-2.854021e-09	-3.946409e+01	-7.258427e+02
6.390000e-06	-7.647213e-09	-2.859541e-09	-3.981370e+01	-7.272465e+02
6.400000e-06	-7.713862e-09	-2.865290e-09	-4.016070e+01	-7.287086e+02
6.410000e-06	-7.779972e-09	-2.871218e-09	-4.050488e+01	-7.302162e+02
6.420000e-06	-7.845524e-09	-2.876946e-09	-4.084617e+01	-7.316729e+02
6.430000e-06	-7.910541e-09	-2.882695e-09	-4.118467e+01	-7.331350e+02
6.440000e-06	-7.975045e-09	-2.888061e-09	-4.152050e+01	-7.344996e+02
6.450000e-06	-8.039024e-09	-2.892346e-09	-4.185359e+01	-7.355896e+02
6.460000e-06	-8.102438e-09	-2.896091e-09	-4.218374e+01	-7.365418e+02
6.470000e-06	-8.165230e-09	-2.900134e-09	-4.251066e+01	-7.375701e+02
6.480000e-06	-8.227350e-09	-2.904677e-09	-4.283407e+01	-7.387257e+02
6.490000e-06	-8.288796e-09	-2.909584e-09	-4.315397e+01	-7.399736e+02
6.500000e-06	-8.349603e-09	-2.914294e-09	-4.347055e+01	-7.411713e+02
6.510000e-06	-8.409805e-09	-2.918345e-09	-4.378398e+01	-7.422017e+02
6.520000e-06	-8.469430e-09	-2.922109e-09	-4.409440e+01	-7.431590e+02
6.530000e-06	-8.528490e-09	-2.925909e-09	-4.440189e+01	-7.441253e+02
6.540000e-06	-8.586961e-09	-2.929555e-09	-4.470631e+01	-7.450525e+02
6.550000e-06	-8.644794e-09	-2.932886e-09	-4.500741e+01	-7.458998e+02
6.560000e-06	-8.701995e-09	-2.935920e-09	-4.530521e+01	-7.466715e+02
6.570000e-06	-8.758615e-09	-2.939193e-09	-4.559999e+01	-7.475037e+02
6.580000e-06	-8.814662e-09	-2.943092e-09	-4.589179e+01	-7.484954e+02
6.590000e-06	-8.870072e-09	-2.947122e-09	-4.618027e+01	-7.495203e+02
6.600000e-06	-8.924748e-09	-2.950741e-09	-4.646493e+01	-7.504408e+02
6.610000e-06	-8.978617e-09	-2.953798e-09	-4.674539e+01	-7.512182e+02
6.620000e-06	-9.031668e-09	-2.956540e-09	-4.702158e+01	-7.519156e+02
6.630000e-06	-9.083944e-09	-2.959133e-09	-4.729374e+01	-7.525750e+02
6.640000e-06	-9.135508e-09	-2.961603e-09	-4.756220e+01	-7.532033e+02
6.650000e-06	-9.186385e-09	-2.964000e-09	-4.782708e+01	-7.538128e+02
6.660000e-06	-9.236518e-09	-2.966329e-09	-4.808809e+01	-7.544051e+02
6.670000e-06	-9.285799e-09	-2.969001e-09	-4.834466e+01	-7.550846e+02
6.680000e-06	-9.334167e-09	-2.972438e-09	-4.859647e+01	-7.559588e+02
6.690000e-06	-9.381669e-09	-2.976149e-09	-4.884378e+01	-7.569026e+02
6.700000e-06	-9.428433e-09	-2.979264e-09	-4.908725e+01	-7.576948e+02
6.710000e-06	-9.474581e-09	-2.981611e-09	-4.932751e+01	-7.582917e+02
6.720000e-06	-9.520148e-09	-2.983215e-09	-4.956475e+01	-7.586995e+02
6.730000e-06	-9.565133e-09	-2.984951e-09	-4.979895e+01	-7.591410e+02
6.740000e-06	-9.609563e-09	-2.987621e-09	-5.003026e+01	-7.598201e+02
6.750000e-06	-9.653464e-09	-2.990382e-09	-5.025883e+01	-7.605224e+02
6.760000e-06	-9.696815e-09	-2.992637e-09	-5.048453e+01	-7.610957e+02
6.770000e-06	-9.739566e-09	-2.994878e-09	-5.070710e+01	-7.616658e+02
6.780000e-06	-9.781664e-09	-2.997197e-09	-5.092628e+01	-7.622555e+02
6.790000e-06	-9.823079e-09	-2.999017e-09	-5.114190e+01	-7.627184e+02
6.800000e-06	-9.863834e-09	-3.000641e-09	-5.135408e+01	-7.631315e+02
6.810000e-06	-9.903974e-09	-3.002596e-09	-5.156306e+01	-7.636285e+02
6.820000e-06	-9.943462e-09	-3.004504e-09	-5.176865e+01	-7.641138e+02
6.830000e-06	-9.982138e-09	-3.006481e-09	-5.197001e+01	-7.646167e+02
6.840000e-06	-1.001987e-08	-3.008698e-09	-5.216645e+01	-7.651804e+02
6.850000e-06	-1.005672e-08	-3.010456e-09	-5.235830e+01	-7.656277e+02
6.860000e-06	-1.009287e-08	-3.012013e-09	-5.254651e+01	-7.660235e+02
6.870000e-06	-1.012841e-08	-3.014002e-09	-5.273152e+01	-7.665295e+02
6.880000e-06	-1.016328e-08	-3.016194e-09	-5.291311e+01	-7.670868e+02
6.890000e-06	-1.019746e-08	-3.017990e-09	-5.309102e+01	-7.675437e+02
6.900000e-06	-1.023091e-08	-3.019321e-09	-5.326518e+01	-7.678823e+02
6.910000e-06	-1.026367e-08	-3.020522e-09	-5.343576e+01	-7.681875e+02
6.920000e-06	-1.029581e-08	-3.021582e-09	-5.360308e+01	-7.684571e+02
6.930000e-06	-1.032729e-08	-3.022905e-09	-5.376695e+01	-7.687936e+02
6.940000e-06	-1.035788e-08	-3.024846e-09	-5.392625e+01	-7.692874e+02
6.950000e-06	-1.038745e-08	-3.026721e-09	-5.408015e+01	-7.697641e+02
6.960000e-06	-1.041609e-08	-3.028336e-09	-5.422930e+01	-7.701748e+02
6.970000e-06	-1.044406e-08	-3.029991e-09	-5.437490e+01	-7.705957e+02
6.980000e-06	-1.047138e-08	-3.030993e-09	-5.451716e+01	-7.708507e+02
6.990000e-06	-1.049799e-08	-3.031990e-09	-5.465566e+01	-7.711042e+02
7.000000e-06	-1.052382e-08	-3.033518e-09	-5.479017e+01	-7.714927e+02
7.010000e-06	-1.054890e-08	-3.034933e-09	-5.492072e+01	-7.718527e+02
7.020000e-06	-1.057332e-08	-3.036579e-09	-5.504786e+01	-7.722714e+02
7.030000e-06	-1.059718e-08	-3.038548e-09	-5.517210e+01	-7.727721e+02
7.040000e-06	-1.062034e-08	-3.040446e-09	-5.529268e+01	-7.732548e+02
7.050000e-06	-1.064251e-08	-3.041272e-09	-5.540810e+01	-7.734648e+02
7.060000e-06	-1.066364e-08	-3.041234e-09	-5.551808e+01	-7.734551e+02
7.070000e-06	-1.068395e-08	-3.041198e-09	-5.562386e+01	-7.734461e+02
7.080000e-06	-1.070364e-08	-3.041554e-09	-5.572635e+01	-7.735364e+02
7.090000e-06	-1.072264e-08	-3.043024e-09	-5.582528e+01	-7.739103e+02
7.100000e-06	-1.074090e-08	-3.045075e-09	-5.592036e+01	-7.744321e+02
7.110000e-06	-1.075842e-08	-3.046946e-09	-5.601154e+01	-7.749078e+02
7.120000e-06	-1.077520e-08	-3.048448e-09	-5.609890e+01	-7.752899e+02
7.130000e-06	-1.079135e-08	-3.049025e-09	-5.618301e+01	-7.754366e+02
7.140000e-06	-1.080685e-08	-3.048603e-09	-5.626367e+01	-7.753292e+02
7.150000e-06	-1.082136e-08	-3.047874e-09	-5.633922e+01	-7.751438e+02
7.160000e-06	-1.083470e-08	-3.047764e-09	-5.640867e+01	-7.751158e+02
7.170000e-06	-1.084705e-08	-3.048678e-09	-5.647300e+01	-7.753483e+02
7.180000e-06	-1.085861e-08	-3.050281e-09	-5.653320e+01	-7.757560e+02
7.190000e-06	-1.086940e-08	-3.051932e-09	-5.658935e+01	-7.761759e+02
7.200000e-06	-1.087942e-08	-3.053014e-09	-5.664151e+01	-7.764511e+02
7.210000e-06	-1.088866e-08	-3.053302e-09	-5.668963e+01	-7.765244e+02
7.220000e-06	-1.089719e-08	-3.052976e-09	-5.673401e+01	-7.764415e+02
7.230000e-06	-1.090511e-08	-3.052501e-09	-5.677525e+01	-7.763205e+02
7.240000e-06	-1.091230e-08	-3.052119e-09	-5.681271e+01	-7.762233e+02
7.250000e-06	-1.091849e-08	-3.052083e-09	-5.684490e+01	-7.762142e+02
7.260000e-06	-1.092360e-08	-3.052729e-09	-5.687154e+01	-7.763786e+02
7.270000e-06	-1.092792e-08	-3.054050e-09	-5.689401e+01	-7.767145e+02
7.280000e-06	-1.093162e-08	-3.055368e-09	-5.691328e+01	-7.770496e+02
7.290000e-06	-1.093464e-08	-3.056234e-09	-5.692902e+01	-7.772699e+02
7.300000e-06	-1.093696e-08	-3.056472e-09	-5.694108e+01	-7.773305e+02
7.310000e-06	-1.093852e-08	-3.056101e-09	-5.694918e+01	-7.772361e+02
7.320000e-06	-1.093928e-08	-3.055799e-09	-5.695316e+01	-7.771593e+02
